104671
76849
76462
152764
85795
127020
106570
134689
152467
153181
114799
102492
11675
128423
98586
57094
153202
12625
115488
66132
30923
30554
149440
101226
91166
103395
38496
66095
21579
3706
123808
93318
108306
85541
513
129095
107911
110326
28576
943
11338
97380
24747
50656
61123
56304
108327
72024
63520
41080
2473
128907
85786
119439
113445
420
97439
23301
51377
33511
23560
3933
33983
49516
52320
15039
119205
101954
75645
81120
56757
52330
74004
54747
16661
381
92861
127845
89996
52800
30339
22415
144214
49064
53529
123991
38002
89882
49049
49836
50937
104449
30886
116338
76137
81002
118649
4503
81776
65638
32434
153624
22257
116521
26283
5502
98499
66128
42062
20231
99609
9557
63832
119167
111003
47983
76863
158510
96361
3582
67885
95329
139086
66859
136983
94709
49374
145274
51965
103659
69260
11903
45922
18248
83178
45275
123611
128768
28237
63888
129775
113413
97020
5707
90179
41584
126833
289
131461
117475
44325
28176
85697
40063
48903
58017
10735
63380
114135
82366
79392
140432
53567
96740
98943
30092
121514
19065
136161
152636
34115
112792
113804
16864
32357
45320
151833
69482
122795
37785
3793
134110
94261
53126
132562
67329
149051
55918
145060
78974
77027
38471
44617
29110
38220
97525
100315
2368
73319
32969
29951
1235
59325
110296
100201
78637
32303
88921
117392
86336
84533
149476
112578
83225
93089
111931
20194
28332
80854
81413
85502
100090
40114
152777
88568
145294
66319
110509
30726
153195
32479
111317
93090
725
127188
83412
85896
11383
35966
121770
43418
39661
129992
19122
28899
65769
82096
117981
55279
92803
69426
98060
139355
38589
109348
63330
113279
103670
95501
159332
50835
135067
149291
76317
9966
132540
23912
118180
98770
69608
116443
2136
58760
26991
81365
18228
44401
156035
36390
48744
38361
142980
120614
117793
68070
25858
138321
121079
84427
12059
56102
122213
17120
135747
143876
81883
155637
130585
91915
112719
59368
142652
111345
142488
98013
122511
103713
110890
33126
140441
135415
44144
33469
60565
99112
149928
47836
75374
5794
98079
1154
3046
29460
66480
56275
83098
70157
102877
10836
8980
43924
13474
17880
148302
100490
87684
58400
123591
48886
57522
28563
44203
124628
156994
123388
59762
63215
143118
84249
157571
41721
1748
134445
1835
33715
116569
35182
151276
141577
144370
105304
11192
1765
95297
120036
69029
68349
42583
118509
119626
89635
69520
1138
56127
29974
50310
61825
88242
74057
43770
53446
81389
85067
29937
81687
3618
50844
130121
96948
37169
151509
77730
117714
51746
78937
3994
65894
52521
42629
14718
