12566
203576
32312
287084
299808
135296
66582
352452
10121
76605
42974
218403
169019
297662
55108
179483
83898
308585
167306
303855
347608
309674
92758
144780
202883
247387
122694
325146
159442
143181
76418
302207
359034
307414
297520
333449
80756
305362
266944
77023
325841
312185
157052
357673
120314
343733
251056
45305
299306
259796
119008
312890
198715
257650
307576
55517
336059
352443
219190
213469
139124
219470
173224
36875
53232
278301
336118
15167
35013
113998
125441
256242
200646
204524
329017
15363
318006
229661
125585
223860
283325
239100
50108
75458
70878
291718
43775
24083
278782
95986
144302
93801
7696
82342
29627
170010
326631
267422
40884
220031
164496
291589
354752
79702
23390
315371
319435
20620
197256
62442
176572
97945
233891
80492
243774
325506
296962
261768
1181
130074
263365
180484
258654
148205
146126
159409
294930
355530
11243
5976
180321
322081
305222
13248
20586
234570
265779
273309
6769
159108
319270
317724
33719
351471
293157
37378
359437
316156
97700
256206
65414
289047
352275
290647
321004
340428
211748
104183
244609
233519
153556
50628
111814
84412
114696
16425
108509
109466
359761
33178
236497
329298
88527
200906
308464
324330
290532
140371
76171
149562
27146
116089
305528
104690
322566
322604
258713
322606
3867
60070
86812
158333
145228
262116
215086
340307
315102
299627
87616
159323
82264
122602
294726
158185
171123
353476
541
203145
173017
299584
110200
160835
248792
59037
277506
240809
358991
135722
68813
281136
196357
85019
196386
198859
61086
155983
222704
134099
168030
102039
185762
354360
32154
245696
340622
264837
302534
8371
321403
44768
64558
324403
256536
125005
291081
122899
327884
82235
87739
59687
103395
135043
181536
120883
60070
54845
113155
283265
290669
272743
267630
279449
22066
346418
174401
24238
241180
256465
334610
262321
286539
279822
5012
108650
257950
272197
150526
355618
327354
219497
144243
113098
314310
56658
201306
343115
190004
40727
80012
139984
144804
350778
311030
298467
74856
73541
235082
50830
5431
272949
5186
307536
123090
304200
322946
40461
352653
215143
218883
15969
279495
323159
223909
1190
166799
159929
210006
329154
172131
14183
354844
202299
315974
319788
97868
15727
124985
17996
291115
211265
123969
326507
281187
6668
45252
264700
36766
160634
62068
359957
89862
116881
300096
150391
308597
253579
231823
141328
76329
114250
157303
214878
249893
337393
203163
112297
134827
120433
29137
61250
108561
48468
93527
180840
80896
342573
4274
212497
224278
25302
298422
303275
116294
139398
83124
117338
256513
258610
160952
188775
162959
72713
279735
223525
42144
289861
257952
238659
241738
263064
177075
306104
54720
174470
234273
189663
245883
21785
174758
204140
179172
226044
296227
232256
247106
339949
126172
351183
313075
17608
346754
150856
214232
125566
199352
251141
208120
297369
28514
241671
205148
308112
228837
308564
245651
29318
179800
53298
105965
240914
249494
248984
70082
81413
68266
24923
120954
173973
234037
230461
107774
55486
322476
183052
48434
160317
269743
100319
269295
86666
153429
342604
241526
233414
43285
331167
340880
174564
325678
44731
177142
54429
41635
183099
942
254375
118441
337867
122267
286299
48147
34349
42429
319486
235290
31211
12458
31124
84380
3921
314645
156563
64584
13692
76435
229312
73131
127053
349805
126061
225796
101895
294720
292213
26500
125887
88048
286012
58400
309422
114078
296687
355593
344338
269498
283238
258994
52915
183987
325010
132564
340605
354630
302985
185841
330174
256263
169114
174144
210175
152615
45223
294559
321167
215226
262307
266215
281683
345843
137535
307551
238377
179157
201431
142553
182700
62733
248672
164071
253406
356843
13413
255399
282493
260854
322344
74712
332229
188942
160324
49793
317993
346780
145047
25073
289006
210239
17636
146972
117810
145989
228507
139317
340094
341589
270770
185965
335786
12257
139448
162604
242618
84914
59391
221562
151754
325589
311351
246047
86630
125563
256266
153920
175521
338511
164898
123409
164130
159454
321
123914
279724
17676
270334
203554
100518
121309
2276
16217
93295
