45958
3869
86407
39753
72110
27663
24733
63449
67261
81930
54045
42264
15272
7562
29784
12575
48481
2891
64747
30486
3603
10673
5601
35378
89843
82391
24033
22734
53769
11983
30166
5710
42468
27640
33496
79046
6921
13418
33484
52478
44507
86245
47286
87346
47959
80852
6604
57114
85162
50869
69364
64675
8593
81510
80113
52364
46772
62534
32903
38963
11210
66712
51015
78683
85640
42101
42777
65420
89145
54863
84556
52050
76987
6679
52539
60174
71869
53717
87745
32301
36488
30277
25295
28959
32121
73921
9529
50241
87710
46425
40527
18322
49734
12037
53341
12580
82024
49444
829
83190
17070
18448
37291
74646
61896
40306
31047
65698
9617
8706
47293
41917
15308
49037
84583
41917
25054
18233
38713
13560
64441
84773
24448
31304
56453
18340
60346
7177
78919
29466
34399
65624
57678
82737
61538
14679
48934
9572
40870
73581
5263
56056
47448
15049
4979
15971
22676
10151
77752
71716
9951
56418
53219
13458
7773
14814
17086
72110
82750
22697
43489
11476
17263
50654
22300
32748
80402
69098
13995
5722
62219
47182
86003
41211
87774
65824
59883
35347
4941
35674
12889
86580
77788
12685
22238
23997
7736
8010
72846
12861
19733
16274
31398
75767
45016
19575
67131
6139
39449
13325
32517
35162
48468
61599
36495
18388
1594
63862
74573
65008
44613
19304
8092
9727
65019
15607
8873
26434
33988
52627
56003
1767
72064
76829
40161
47658
2279
26883
35590
66713
3619
52467
34736
50
19909
76124
63064
22971
47810
89532
39955
73256
80400
9977
85236
88269
30590
80309
54530
68048
53121
64609
85696
46797
26177
89279
34495
4321
8236
84189
59823
31714
82919
20733
12520
59093
49230
48416
53433
38940
46017
45799
35003
7610
54507
1116
39167
81260
65304
38719
47624
1853
79705
89410
15077
35661
80134
43712
64933
27316
64613
23707
26415
72730
63029
25023
34843
79070
59747
31753
