10829649
24191633
13616533
12566406
18031282
2950697
17511881
3866443
22562636
13177336
4396298
14248251
2949425
23620592
2448011
19560688
23614314
17122587
23910779
4754428
11558306
12386147
8150350
20471672
2189776
21456375
7742046
17209616
1188409
16808294
22820676
17799996
15662957
17673533
1190090
17210377
15405083
21764806
23256049
4656223
302399
3417964
9599014
9056831
16865540
15921715
1341003
3058408
14325417
3716724
17983760
8822160
2438289
15781996
20304858
12628401
23104133
18192816
1355488
16228196
234365
14965242
17156447
18378108
6888650
3718099
8813446
20184298
12983486
22543648
21437280
7873990
22779853
10339666
8323699
18791023
3542322
10938159
11799671
22232635
20270228
19397652
21474911
22539829
1556578
19239056
6356224
8481182
23357876
8814660
8021888
11464107
9490518
9707222
11110417
17632768
21471003
9116727
20036990
17334790
3188169
24173583
24929355
6304223
16365450
11828181
15015416
14146762
5987370
2062408
2682597
13790502
9162037
20469703
7865982
16855744
7252573
12879651
14580461
12496127
8795223
18405604
24845995
12208828
10513108
1687125
15484503
3114141
18012640
17183359
9853781
5959760
14934606
22447649
16201776
8204483
14558653
23919633
24570068
5058556
21040468
1859557
14227267
10030362
8216388
24848432
12699986
24365028
5968788
23072080
20089708
15474310
22651734
10589603
18092793
15020522
58611
13234889
4769570
24311119
6339036
24052094
22812583
18689691
7761471
19602022
13585142
12838793
20994916
11047492
2386656
17355020
9278436
12930678
22923773
18978058
20330288
10109960
4969956
7633040
20859125
8561573
143974
23805491
21706882
12548750
23146364
12182353
2964608
16542225
8684577
24456816
474281
19345676
13054457
23639491
23290046
4749744
11836128
23463955
23888589
1375163
23109453
4143619
1042367
7487755
16459528
22953294
24137554
7413696
141818
13739672
10915967
886608
17926636
4570295
16452634
9280801
18553820
1762767
8212199
4020533
23034337
6175553
20962874
22241542
11555382
468966
23491826
1293044
15008408
22802066
18514911
8799767
7964249
9743245
15761695
14675913
6508657
11189642
23364920
4307274
16068327
23571521
9372509
11472852
17175376
13032370
15016415
18511883
7680208
15346525
19512319
15336342
19585180
10157718
2049263
14791253
16806846
16720491
6505651
11941705
667927
24097609
22683845
6782808
6077082
12654407
1452198
19577094
4273762
397598
18441897
23028356
5496322
16439419
10207512
14924736
12210217
21754500
8250774
15369461
9448953
9382716
9427116
14358045
3354761
1892039
1333118
22385307
11357272
12645089
2772078
226965
9937442
19150398
2471630
20516973
23292075
2343816
1808512
23235021
12777699
20395321
14561599
310514
17306041
23284624
16904057
11220606
8973186
10761454
6316808
14354378
4600899
8725268
2840978
24747783
7829456
6881596
21615401
15167991
6828282
24201340
5108219
24759812
2537261
16187916
251688
7124701
848820
20461765
7539360
637876
16814679
8601517
22351947
7415097
2016822
10497854
17542978
17968153
23030093
17067314
5562215
21175730
6427176
22255019
24154747
2940244
20822306
6673205
22772744
15260973
20318613
17976702
11581803
6019898
8299161
9699286
3049436
12475674
5607047
21546555
18137554
7917646
14946119
24178316
9338380
6160431
4558176
18869796
23134200
23977583
23050791
11211835
9249186
24897536
14934293
1183282
20762442
15817006
9323316
9732336
1757391
17302405
1271414
24971080
24898493
17586603
22508735
1725847
16113707
20193329
17320275
13361655
4620539
1561118
3782716
11554347
426428
6695302
4362973
21292691
20460598
5074700
12814820
10653195
24881331
2036149
19675336
17438849
21157836
22528700
3580284
16384303
5349817
9277922
21856783
22623666
7901327
9350044
15518369
6069229
23719516
19927934
23705318
14055418
1583158
22602028
290745
6073098
6486312
18278175
23517239
10053073
23438147
8339377
20537516
7954408
15779898
15061487
8341401
21490918
16682948
773766
19322303
629798
2058447
4553314
23790446
5295523
23264982
64215
9731105
7029566
19866997
15498853
19604103
866748
20403667
11668443
4907721
21851853
17034084
5096273
19667633
15087129
4220162
10338266
16379536
20988967
19372623
11230622
7335796
5982354
13213957
14426261
7209155
3955928
7030221
20769269
8803459
15571442
16641073
18410648
21839084
4188246
861552
18214178
21644515
8574524
9013628
21830640
22592044
15804793
1554322
17328831
6911594
14519763
9774490
22231746
909165
22531544
7848217
6111045
23467887
21584449
11842038
15768234
17313300
18187203
24678309
13318164
2431979
10997463
4521371
17207411
14266043
397545
2794951
16581130
3292731
14531267
12083354
19561689
16498795
7396608
23762874
13342234
15503992
22793281
14648210
19148023
12739037
22922727
20841224
7637102
19411927
340178
24039636
16687785
2440124
2511015
6228161
4430815
9442462
3236740
3951617
1158495
6732967
15740241
8082572
2060162
3632996
21091912
5912696
3582868
21868200
10761778
12889616
16832497
24195189
19945738
22089229
1734158
16186369
5310073
21323314
3945305
4509057
15971830
13784416
24513176
19342726
11551106
24502190
5704215
4004100
10092356
6029569
16495021
1518661
5439743
13926616
13427728
15927219
21007078
13779704
1131409
9066856
18696759
11578989
13227142
2424702
362014
11705831
13835875
8698325
17504154
13000322
7136521
872836
23102817
22384379
8757626
6765381
9792879
22616933
17323550
24647132
11848389
18141211
4224758
18111214
14987861
6488371
10883705
15601342
19370874
10733871
16151401
11992794
23538060
1887329
3794467
6964431
2089638
4433178
15984797
1151484
15724841
4223835
6064331
18471674
2675163
8791839
4331527
15039654
13723032
5812094
20972006
9256521
8185011
19525643
18699635
4130504
3060767
13042578
1680134
10197095
8662827
10849210
23855250
16918832
24313618
10747378
16630923
9668184
16506048
20368262
9827996
21588903
447602
3733427
3396363
4768685
24274923
24893433
20584437
13606336
14575860
1809139
8871375
16468738
13422617
15494953
1031022
20086630
16269657
21106438
15351023
7963219
10171755
17182489
7647305
10440179
3002580
10821432
19059191
20411110
13204699
7383993
4579754
10386658
6005086
3730034
19439634
7616071
13020680
10607288
9520687
6865158
13704015
4935728
4129366
6381153
18986984
20214384
8695615
13279078
786952
23348793
18703936
24750501
18624075
15765696
14355981
6586758
21240873
6454157
7456694
15523679
8263220
415274
1547788
14607881
17184235
6885673
18284592
880450
5968720
17011991
22506413
21404576
22614470
22162175
15878799
13282724
20962143
9548533
20289630
20277911
5566461
5674626
1439189
20461779
17259889
116554
24682279
18064318
21898553
21090745
1022587
24226694
252658
22752536
13720588
11363978
16922417
22472114
18676057
17137371
12680924
16133071
4696895
22093018
21073837
4432284
95960
12367414
18032625
18087766
14918847
17060880
22635357
3945908
2739539
3379887
13070686
20560882
11337536
6744932
22362583
11596754
10597189
5502438
14650890
892888
13348644
13397607
13442857
22358485
22170372
20323552
12554601
12367017
1563240
23485153
17710809
21344246
12432208
11603532
8110871
13588237
6155541
22394160
14462739
8719071
15039017
9093592
11876477
11784512
13835828
8587879
15658528
19144455
4252898
22025222
24104673
19549765
9847417
8284510
16589
17127910
20008965
2699817
2627699
23512586
986335
17783587
6468947
6379915
17056016
21681051
3876366
1507202
17566218
8690834
4224228
24097195
24391658
7007469
11430910
14275487
21622338
17659880
21909363
19190996
2372381
1276336
15708230
4794103
24487310
21557898
20654786
16368819
8645111
19479495
5705193
24944938
6769083
9890354
3091086
17389255
19722902
2677468
19107946
1122814
15404429
20841674
24704960
3719224
1765111
2773760
7614159
15662016
3822845
9748715
22219455
1659147
11399674
6256517
2528053
8937276
12901985
3905076
15275814
23178438
21256565
3786839
16946456
1028794
9746966
2852308
2781945
12139443
10294851
11721266
2326542
22347064
19409489
9448441
17345767
8627694
9676892
4882694
3531788
20847424
19944961
20405100
22417518
22276470
1152030
2394563
16463572
10499314
3531112
4306559
19730170
14086309
18856672
24556767
6483681
14671856
20832992
10652922
12974130
8965000
24411450
19872712
975456
22193170
12956985
16810695
15524485
23051087
11207573
6624185
4110767
20196846
19515912
16730882
9984930
2151746
21510660
21857744
12649501
19528193
23048693
2109345
402258
7110138
13843368
23885729
1819947
24511720
14444897
13456735
10963864
24880527
3812136
12917548
14372791
12646827
19681252
11262234
8427103
7874271
10842882
20246269
9954248
2456240
932262
423449
16265751
8805574
9795927
15843533
1324543
18969390
4959838
24762377
12482921
20801431
4072087
13202017
7076855
11486055
6766593
21085895
23682294
8416875
7572936
20351322
18777109
22516342
6590064
13872832
6403941
5018196
11718806
2825279
24161212
24685880
6479856
23934342
5516388
12817590
15915365
6982628
10199795
10833534
8596627
3926402
9505326
15667224
4843879
5201922
18137276
22776585
9999711
17611024
3724908
11491668
22752167
5109754
13585195
269711
13916847
5519329
16124017
13149661
5657190
13613832
8826575
21107742
16959158
299550
4113318
10065431
4510537
3440931
16841104
712461
21741509
5790754
6650142
17018890
4900187
7406101
15797403
16087292
12648875
21339479
1517934
23607684
3673572
4590410
22320334
691992
22383068
2825342
21570935
1859441
6567324
12888917
5092963
18091589
12420253
22612981
5624120
3393824
17779292
3360793
19799610
9655596
7323635
4138265
8590807
18723556
6601570
10139812
6184104
18111842
22375735
17341225
10608649
111225
21822125
8987502
15196531
627913
24369386
23201183
21537690
21319127
11828120
7496827
15480554
1687163
16479280
15791298
5594203
20891935
7263388
17985075
13082422
22144963
2409701
18813201
2909366
21282827
16110773
4678038
9010586
21064573
15055645
9670036
14623933
23017092
7252069
11291529
11516561
23308006
6488267
11189523
9142542
12600891
21407145
23539695
22201491
12172270
16473077
24096781
12870294
3011349
10512872
5592129
7900776
14341324
14996819
10818168
4426022
10757075
8028480
24498579
16741755
880658
15722166
5583373
15446946
8330325
2870950
7996480
13842055
12852823
3128918
6903279
6578466
19717512
23721790
13027107
11014750
9104293
13281436
727665
19451786
19596884
997976
17821641
22583282
5442589
14775916
22140315
2584331
12690279
15038736
13490382
23342419
6825201
173206
9502681
9643912
24401614
12611092
15896687
8949389
13090350
13771383
19798984
6306767
19195552
718817
20458956
19118404
11296968
14404896
15619431
24040386
21519700
11707382
3024901
13901764
17647060
11329122
22439193
10637749
21250761
9447808
10397433
20578982
15997119
4638155
4318663
4681983
6805880
10507803
22284592
21292202
17065670
15731950
23945619
18920789
3073536
24831129
17175332
607860
19995879
14765527
9214098
3983225
2078060
7748196
6975772
18519407
10827152
23815205
1517597
2605941
11925916
7836172
2760302
5230239
3817903
7468371
13219185
3399801
21908309
19065221
19617613
1880505
24945067
3483290
3615405
17734585
18394986
22452192
7466308
11737498
8594384
15092443
21787215
6925004
3140849
8987057
17191143
5846947
24862363
19373531
18916010
19027903
20052826
12095796
22096821
12355717
860449
9986084
19527622
5212428
6982776
10879070
9291611
6804533
21694842
1384775
21908912
21151094
4178896
2084772
13270515
3435059
14020690
2858596
22701075
19292288
6675120
2243611
20359589
7601405
13104869
21080538
7308801
13693993
17419209
24675411
12527038
8313613
14972574
542664
21525654
55526
5635240
2928196
18727235
7228053
11350646
6740738
11607707
1713877
5435271
16679107
21637658
21451614
11066199
9219586
17981483
23548433
7955135
21376182
14022638
129246
6155541
20431564
3551559
5210723
20024826
9033500
22631772
7392406
13596744
10981572
11470725
15588472
15382707
3135329
22085454
6193604
21019335
11350681
13487917
5043598
7632234
1877306
6325601
3408253
20858092
19954838
4067577
916816
875842
24031819
14122771
9513190
21669294
3445982
10843748
19166567
4905152
4991833
6574049
7787702
13524823
24260817
2738760
15301046
11964132
18774986
24937318
17339591
8733556
2469084
19407377
9815055
13489391
13033547
20546216
19168933
4962031
20654526
21794040
15284037
10728324
2685076
6146063
8513949
9243439
1047643
12179482
9554744
15856334
2587883
19032192
17964291
13277332
12412892
13892055
789506
11307784
17722368
485577
3860021
21706646
22398510
15170818
1598123
2366504
15954886
17099010
1384976
11979857
4452625
13261963
8272579
17600352
5060107
1211699
17808075
21946082
9833245
11850229
14702173
6879821
24826589
11078321
17293791
24719059
23512749
15702897
4727768
4958748
15259835
24976434
985352
8093273
1587616
21246367
4517919
9752625
24332137
17892880
13342111
13947180
9104428
16705476
9525157
1771104
4261694
2581303
22681272
13221779
24922607
2686393
8633069
13127026
21501216
1475367
14220966
21053383
17456519
6049932
15876697
15462343
22041609
21650
14776650
8528745
3290480
1961942
324855
20589313
23932772
20258611
22682272
2209536
6109335
20126785
11745074
23484474
23020670
9650829
10465750
9240504
1362358
15048933
13997242
22727470
9940834
3390250
6038559
22377845
13424239
24814060
19434992
23273635
5507985
20824282
15805464
16482649
24048805
13667500
6954229
11411807
19124622
19876108
17593191
11341186
14353798
23323348
20464849
12847697
2604368
5113030
20947363
9919752
19997369
552773
24955035
16038241
12836190
9250699
1440070
8447123
18564024
15315027
9657571
4884261
5537883
3710320
6470632
19779217
12560200
15001250
17705086
16803020
6026302
16034258
22104154
10163389
4676237
1517563
2501625
20961489
14304442
1445951
7166927
1217180
1174136
17503648
5880309
8986334
2273312
23332177
4419842
13704081
8526180
8294423
10211362
18666544
17651311
22162907
23123496
177614
23827060
3009523
13413317
17008771
19828893
23950980
23159215
9119084
16572527
10640287
306436
18694700
7467937
10441266
15426316
13511030
16678679
8254353
8832889
9064388
1226487
22185157
6635807
19232617
5911112
20245117
14359688
17593568
1566986
2928814
2005594
22164369
22336356
3879582
17025847
3616281
8088460
15118921
5230806
10776249
10269749
17950185
24865766
8141003
2083083
4475666
3902081
16635484
15628406
11204299
20123434
4542922
356718
14135891
10151731
4632214
23666666
9328752
16150844
1023094
18900444
23405774
23836033
15713987
5932644
3682620
15103125
15509485
20026299
22811099
15312851
21638237
16949732
4126009
13657033
3216727
9949607
12154719
7244974
6417819
4627091
2219219
4301692
21384612
24798300
16458635
161072
8797942
358703
2941847
152467
20674646
10690862
11548357
19485882
19333086
13298411
17085693
24932192
1149856
11372042
21262454
23350066
20456869
9770010
13283035
16211507
3982442
10973341
15238153
23143139
24921182
13094984
19413958
12787614
8793372
3604263
19823066
5050904
1595563
13806644
6818004
9027577
18555472
16835992
18051398
19779641
226582
17846768
19407885
16028541
3204878
22303698
4688998
18791469
13321145
13116026
9800941
13517454
764693
8846598
8146314
17613565
7301947
22585653
21253915
22929237
19862662
18365586
907251
11638611
12001598
1718719
14762111
17962372
7965126
23952842
16278756
20138865
23650445
8904207
4196584
10777281
9458272
19043787
10114665
9947196
9131588
8950411
5630683
1701616
24609031
13648982
23583106
14508539
20529325
3010882
3579892
16471295
14053356
1105791
15776355
7842070
19120407
14454404
19091838
20991461
18510420
13698963
11988298
121558
11152413
6511282
14188732
18814372
1009062
2360517
24225043
4022529
16315665
4581920
4974227
18103350
9503315
12679174
14519744
23372788
20150232
11163094
22352899
10935443
3643660
20591770
7890036
2390940
19627412
19676977
20674690
1395519
12723406
6165402
15001232
17441901
2951926
5025687
14799572
8856865
9733483
1701268
981188
19009444
11300032
16634725
3084194
866734
6654056
1414641
19446205
19996703
21741499
24269265
17142890
23247242
44805
5562930
19241482
11330313
24449176
11093856
7819425
8898539
6597810
10238529
8707280
23391184
21033780
21042131
14986182
20613198
4040122
19735059
4936789
22660449
18389274
4724457
15104915
1060036
16604344
10058490
22268671
10124606
14942865
9007858
21374574
5515153
5337157
10486032
21757173
10726819
2251033
17280445
3351260
7930400
12112509
10659480
2843799
18856132
9315605
17856009
7503957
12334714
19950735
20111438
13830919
4225549
13133458
22020691
23161296
21131652
13772753
9403278
13347498
13470806
10549575
9558340
7120970
8579199
14268229
628834
13435858
21273272
6438201
6127762
12471409
20250647
14428456
24757484
17087966
1634481
12881358
16928263
5236563
24279484
18977928
21253080
9155706
942302
17134222
16859781
4405622
21734424
10313310
13630326
6088653
16110542
22063253
9316827
6780765
21509014
16039792
22922428
13529102
7867367
474507
24658575
3227143
9367017
21415560
9426473
24287784
15772910
13058878
24173394
21183817
1545720
21731918
13744198
24541664
1168214
7927497
20848099
6839741
7064147
21170081
20837829
4939522
12486555
22416887
24079941
7645032
17739481
11580405
10496017
248095
12353613
11374028
6989475
11657148
5342165
13344963
20778246
223786
10766558
17158738
17787905
592480
6278121
9233236
24854445
23982649
23917044
3451599
5577527
17305485
20586113
18365124
9764493
21623405
16736667
13081500
926712
4790621
3788287
9241488
22798936
10124607
11192992
18528686
6250300
52344
9318632
21598850
19309615
17253168
24038339
23867698
239860
27506
12572177
4605920
19207727
19782982
5927109
6804063
1812296
6206901
61119
22027217
17647751
22574367
22721774
6291011
20645707
10080312
3786460
8438126
21990429
795828
20218709
14224001
293741
22430556
5522575
3357235
15401820
11023216
5334925
18850147
7081988
10745750
148889
6705353
2396043
20857086
331571
18320491
17995751
10173273
8499647
17486921
21454608
1996000
16437337
754679
10435117
13415224
3074435
2937661
22620926
15060397
220794
12263482
14710568
21461050
9151904
10041887
11765847
10670989
15725626
13837631
16179385
274477
1508867
16092877
383696
20917842
15313708
13193237
1275508
5454985
3496639
18453659
21394198
19795163
19053294
15560076
15803071
8754641
18726993
2120694
23151011
6541496
18064540
9731289
13627925
13703678
16697386
4322878
21352946
8940126
7081361
6584605
3505190
2097039
13374416
11770805
7097558
132603
6542436
9506332
8052496
10134678
14645879
15869033
7732111
11887854
14599474
23978187
5003551
10004446
3861499
5736826
17699628
7552545
10363933
3891142
10190514
2256736
4605510
23765788
8688797
3409720
8221782
2825100
10211829
24995775
18033275
5276631
14578452
18817602
6792225
13012743
15069240
10120430
21773001
7540991
8724724
7519387
9275157
18367602
1101297
12376445
15590329
22398362
23349962
624896
18874200
24572211
6497061
2639122
17160292
20499825
23584703
17509594
22531823
9848755
1654004
2462587
2740111
2351275
8242802
9616257
21373545
6004504
6797502
22541054
4070588
3357201
23954021
4941360
535291
15199096
9473430
5269349
8311770
17059083
19429392
14486329
8329323
13079456
12266817
3064415
11912768
24676356
17052303
12954448
13811837
10992664
17674972
14739866
14882014
21613493
24848430
17736622
22931045
18372893
184432
1913050
1606322
149371
22637577
17776615
7349498
11182741
2374016
24632161
16516616
15574594
12876153
21576701
16627259
1207723
16684379
3080616
15416470
12975748
8498914
10381317
17025950
8876043
6206112
1622197
22206223
18796803
23046844
14269927
15400955
8311136
24646522
18966117
6229504
24349967
23317949
17381752
3074454
1431706
22410935
4802232
8518455
1818494
18020033
24421082
8884922
20118791
2426006
2778388
19007451
18882742
11872605
15875928
20996343
2188540
10053609
17237046
9193309
19872145
8563233
23232860
18177918
9167634
15960645
7278878
618062
24165691
19215903
17370845
6122491
6903168
13966482
24304307
1433834
10050831
23587298
17509490
9037831
10641803
23099254
10266897
23629654
23952439
11977878
22340863
14390913
10390651
17953885
11189701
1371278
8941498
10044296
14099501
17646341
2009109
18841922
15659225
12351667
21144392
8844651
18121511
7889891
2840165
9751351
4703628
17718755
16078554
24198855
10997081
1208027
2819279
4366095
11375043
11142624
22760760
7166365
8370721
15294030
2697872
12475888
4688763
5038758
13656407
21844145
2584432
8169269
13940310
13499561
12857042
8441476
1188765
24575149
21541702
3009930
20819857
4956231
17032995
21822462
24477448
16977274
9029534
19798971
16105592
16242504
4707985
4029694
24768757
7062729
1046806
6047587
9143389
20253144
12009711
8052066
16861999
17618160
4165301
20525410
17922050
7873445
17110206
2149270
4502248
1154307
6315356
1364429
4533096
21633719
13748265
10062596
17281390
6745422
7301641
4235605
11393083
16861898
23374359
19345920
6979175
12859763
11757628
4801686
1656596
20342098
4305403
15453383
20643647
21245691
23077753
3187398
7313912
4986712
17524225
7049752
24101787
11731266
12039848
5156447
14780245
9302624
412842
14397840
13378918
22169616
22014242
20118607
23803358
13403117
11345258
24725867
20354037
16449809
240574
11312627
1830832
14892097
4709720
17146693
10874053
20309155
10152880
11776668
11862283
23906982
10822232
19847772
15703590
24654245
4432208
9076822
97763
1586047
23524247
4835332
11411956
13219033
18004348
17939316
2515173
1735940
19178862
12133139
13518986
5125069
11118224
15273584
10154886
4765523
18732573
17627159
1864206
13756401
23252311
9567636
2679885
23791253
23510107
3229052
17769131
18948468
9026661
443243
10753269
23377715
24404606
7917585
8547294
24143323
19099645
6936871
17784288
7248267
6477260
12588904
7132519
24093802
12756679
3360129
20679004
950308
4368377
10688774
22430564
13244191
24201608
1447049
11701472
13937424
12845347
11167887
4939257
13733109
7654758
17859424
3080780
23909184
19971766
17935937
11203360
3019759
12408197
24042560
22031938
8553166
20448473
20106314
3132383
3980050
21504826
3836295
5556151
23612136
21426062
12532865
5585965
4254311
21336173
9964573
12646540
15354291
11958699
9909783
2017168
399457
10877266
21643836
18064666
18015898
6106560
24093709
21160189
1537062
3861779
7619594
9663632
10968624
20841512
3143201
20885111
11824767
2890730
8316816
11958457
13610723
7230458
4000097
23991586
21761761
3969409
11879443
18094174
3866800
8571751
7248995
10642987
15432598
21052612
11938208
4883544
19727950
9646859
5593600
19213643
17797984
4838564
555539
14288290
11304955
10389474
17451719
17826782
6354002
5449863
9439754
4175167
17315602
24712625
9459772
22418139
19793371
5149921
13910841
9575062
24717137
11032594
10234102
18073565
7421391
13137009
2402846
19868437
3815146
24727790
3926545
10977857
21489500
20598402
7078763
19499767
12620479
2836875
1686023
6628048
16780670
7399306
24849002
15244379
2955371
9725625
6679982
20593502
6730492
24648052
20811769
16256587
24229157
9889549
20923088
16003736
4292774
8666682
17750845
11688052
9585073
24678600
13234496
15625153
5282478
19941839
13039111
23463343
3952168
8537265
20296565
16507311
2481373
9721967
2437271
3194853
7500005
8324604
3479118
2236727
6154412
1011339
23103295
18278824
14299632
18168391
17656226
3254420
17989268
14029078
15225120
5326773
21591822
9859600
1639116
18503928
7417255
18227933
11185097
24156340
14420559
12434517
1579836
1261709
13801397
18335649
17018075
9941495
18635772
5147127
17685955
8581083
10157369
19872375
19333048
14019742
14852892
9935799
20298954
7897421
23762444
11662554
17815840
13192895
24693308
4706630
23656793
21153595
13497564
17825527
16158026
19321598
14470347
3263581
1669895
16783320
15530321
16063109
10078936
6934031
22851892
22840273
3660117
16342643
5341831
11029361
21865001
6272320
23901943
415527
1143020
2319694
13058534
12427391
7854193
16425236
8517760
9000746
16567023
7894841
17327923
5338903
7374738
22704929
1494452
8652124
8231383
1432745
3368104
15222302
2970426
1334664
20161767
19042766
18892981
12703161
7283575
11979039
19289993
3636677
9848759
24774917
16279284
2541367
3137040
24429856
1291226
23378151
4809081
8063840
5899425
3273268
23903690
9533196
11553848
8348974
546832
7683942
15653856
2569928
1091319
3388425
14812704
10930571
3081162
19776510
11351799
21785028
15039793
6884010
9708851
23593656
1903709
17400335
14730008
9371151
19364529
18441929
5804416
12160774
7341042
4199109
14291605
22482864
19848432
8896312
6894335
17943790
2601152
9852926
10990169
23946220
10810825
9268259
14496947
19336511
9701962
190181
18169776
9970799
23633861
21828428
8680898
5578862
17948370
20290077
5112575
12495676
19559806
6706680
24124058
19774273
22697778
14850695
999747
395119
22127329
18021389
13853456
9363445
11176224
1691150
23390362
22396176
16837249
7027871
21352877
1977721
11997216
22382935
21077741
16276027
22388174
10073726
8180017
7108703
11082231
2926464
24765904
14508255
10165302
10612714
3809329
23238487
23773278
16096
11390775
1879759
4942465
3889713
13788780
19039010
365177
13117756
13116698
6816896
5785973
18778190
11386716
18226484
1995305
23201115
23857719
218137
950941
1466383
11030640
9303030
7286396
14006706
22772496
10422544
23666868
23307064
14362899
21106587
19810272
9074533
14528178
4271536
13057795
8429234
1518840
14293365
13535786
1468548
9502980
1985721
25175
22584201
24833952
24594138
10006303
7259296
23707216
21331826
1676568
7364698
19604752
24760514
3200618
23432115
8218556
14868360
1780346
24601937
20054876
11660341
17175693
24225625
22472292
19541976
3468064
10063018
5759354
5405280
17913500
17673542
12733839
9202509
1740412
21524529
12258736
6235500
802597
8915404
10673843
18870795
18557123
13168444
575918
8717102
12456525
12226017
4749551
24137785
12950132
2420544
24216209
16898158
21641859
16121891
22679535
15119892
21510679
11238793
6939483
20892553
7962186
5934976
6366804
13729189
18492424
16664655
21021662
23671696
7861047
857222
3474065
8650792
24987475
21612174
5190469
13789892
21842070
20913554
16071677
14073034
9028869
23347696
15096126
20882312
11020013
11217525
1425235
3987600
2715416
9156768
18446589
11607646
17885623
22450963
9085866
1368568
11318135
6033918
21250411
12881226
22740080
8049215
17938204
24921829
15363706
22091651
12577921
18278579
24044172
3675078
4162875
19077786
17435418
5795973
15389068
22896670
19184956
7082514
3319115
22175517
17218616
729205
20660133
9223467
3452671
18046459
20775967
15833119
10113903
17899545
5837379
1584088
5854343
19157852
9983530
14964089
18587329
13725574
10017749
3034470
20180166
5829179
3491569
24206038
17312831
5906418
21587386
8627011
24905464
3561551
9487923
24154715
7308368
24177223
22700035
6878934
662778
198729
5222235
20617386
16929070
3098851
24188355
16298078
21756504
17676427
12321004
15134703
16856799
17966189
11128028
24614877
17550761
2857980
18794351
11273392
10812426
16670757
18311460
11645348
1159487
3236327
20821107
8944727
9475802
18404491
24171657
2153677
7767444
24331662
548178
1178094
9680923
20257647
10753873
24251412
8954370
13499648
17613808
17506752
15138390
23663869
19445567
1090162
5947621
2270038
23581800
1340102
969400
18626470
4885464
8700488
5365248
24317856
6175679
21574923
2117726
24273322
21034738
13308445
8920552
20956057
6713775
20888763
19160398
12002014
22901916
18839109
4941489
21647327
14106014
17418630
23177301
24462618
7607506
19596611
19287417
19936824
20374655
868364
1047344
15067161
24098289
20329413
18405958
21542174
24696441
3068009
9721594
21084022
14850931
11115832
12468674
2460021
23949899
17133991
20779744
23748495
16193591
7652920
22290096
15457975
13566745
62705
7978201
13220143
11421688
15895426
23299325
4816281
3029990
16646764
18584320
23091712
8723954
12063814
18000578
5050972
3675609
16685563
16098791
637992
7470973
8446319
16175900
4867846
15745382
20757062
2271637
17475405
19441530
24393133
12657925
20978989
5466735
22480018
4457416
1849769
11615642
23226098
15915726
21929191
16811581
16485182
216480
15294296
15287808
16979565
14910627
530680
475081
15679541
24075166
10403459
12619233
18296792
24112984
744800
7484641
2437441
17116915
12508503
3081683
8070471
14429640
1206108
22275993
9222541
14783188
19978005
9384408
9208897
13936449
24264697
14130255
10856387
4830400
6649883
7679582
8459789
14195365
22918690
14592692
370942
7680730
23461012
16892532
1440066
16406310
2524884
22265385
6227209
4375196
6534800
5440593
23949584
14887908
17327436
13890563
7634363
18869951
4202216
21431245
4306950
2506709
4332928
6868072
13454586
12030304
5844263
22326947
1020941
16638403
13884268
14212251
16006736
16758564
16621481
24670820
19540053
22980368
2140076
20747623
19361218
2019067
10002121
4855966
7837145
20815499
21010901
10567769
18693860
3550247
8918601
22540016
482611
9027092
14078429
8746174
5274013
21936379
23022797
8354946
21920439
24204650
8552184
2537347
3497178
24146346
13132844
16650377
1208519
4048146
3323245
21014949
17373494
15606693
8131235
4665800
13106064
16060830
17054444
9977490
19385271
19120126
1548931
13534678
16944579
23487107
20925242
14340731
5420541
5395407
24333206
16302850
7933857
18813201
14377529
23162234
13936267
19144944
24033224
7008217
1431217
12498299
12822603
18675477
5645573
7654366
6707907
14182995
20534993
20907965
24585490
3142373
18091287
18892956
11723058
19964945
18173713
649903
16302331
2172164
22681627
9650462
16442853
17535100
3352290
23006013
2583725
7563253
2472450
17418217
15101247
24873595
1012776
4369792
16764883
23242922
15106209
14601153
18615322
5517209
24748821
15822181
3777159
1767208
22496614
13548143
15430674
1746878
14687624
5164103
13569334
4904315
18580517
7920443
751318
23256209
12148744
23176034
22010878
12356241
24519222
17149025
19364660
23029464
14166031
20990283
6410225
9728299
5912117
626636
395723
13048447
15673367
24187011
8396040
14563452
5165889
256671
10124848
13978918
4870393
13820194
882840
6829521
10276446
17670234
3864428
24234426
2006317
20927216
24896787
23449476
7534388
9320241
19627724
18287455
17917859
4085117
1407194
16624621
15402218
24896316
24537616
23486685
24703375
8735707
10989392
11444320
9835886
16885612
17531710
2414892
23905158
7291865
22463226
6052703
12652683
15409311
9516112
13055789
8496295
3674788
21254689
11180318
16399695
13429523
21800540
6765405
9592861
7237638
9584594
15467177
12163802
12438300
854334
3282911
13210745
4559535
2028919
16282092
19357119
18830661
6806618
3563786
19679920
6291441
22397715
622847
13664047
2449912
2393993
12248385
1319944
15237787
8096646
16841252
19907255
83856
20048325
14382277
21269850
4567125
24126384
12423413
23267149
18348026
17766947
11115751
23635328
3478757
1066223
14384595
4269229
17354966
19595839
6154504
19984578
20886548
5504427
24648536
22350955
4735058
18346767
1378661
6498635
4225045
24723445
24513565
6417257
22033739
12993812
24826498
14786687
19125724
14553993
7683157
24710770
1116554
17502420
22644364
15752656
24358767
15188895
24600440
11716150
11423089
24716766
13317202
18874106
3778851
12025908
17764184
7734096
5220276
11191660
16459736
2588394
7145172
12159224
1709198
14128331
12662873
5586172
17151026
17929234
2214634
7397344
21966772
22910665
1965606
10288629
6581715
17881654
9318234
10859560
614737
14509121
13149798
20140257
16896545
16622583
1046409
10697125
13231851
1365872
11879156
21412830
23999449
721592
1596511
17311757
20646761
16122374
13239891
9810392
22122435
5494901
18073167
13194078
4252414
24398671
21850832
21363378
1424822
9204044
2039847
14019252
5943888
15244588
2337308
4048119
20397272
8211282
2952970
995297
3999310
5004241
6095808
11487673
7004080
2176794
23447847
9420396
16826313
12043988
12011194
14988066
15764951
8686622
15538982
4587500
4009956
10232113
24601020
1790531
11539513
14799005
14631877
8215010
13580980
6524315
13382273
9761661
9576620
20367787
5406642
10471546
4626420
9251883
19396706
21032271
22775472
18633309
23707360
11344069
6439833
14692767
3453064
7085245
8659985
10824337
18770717
12573417
6339863
17055463
3687279
23325644
8799741
1263833
10656751
7804824
21312811
23787304
3599600
21950728
13553958
18454320
5940450
22276073
13077387
10099387
13965425
23970735
9450512
14083858
15431044
14935316
12141238
17427707
20782561
10866226
7386105
876396
5027311
12598451
7007009
13875078
9601010
7961132
5624607
13794924
22226578
21322466
23826190
8874622
7420936
8950964
8127379
1192108
3023911
5801951
23357820
17897786
11422858
3826315
21976339
4771610
16483563
16522746
10724760
16026930
21128800
2722104
16618692
14726023
1564403
15142738
563190
16705830
8755596
15353557
21397731
17205821
9642634
19037229
11903510
5462518
3977382
8594625
14286427
16462875
7800591
1056778
3768331
10901346
12331702
19559548
8046336
20059459
10296155
13615245
9281703
2287055
4157407
24109614
2919683
815750
6758830
6637014
11650187
10602070
2331008
8190755
5020054
16038245
13657163
5801442
20345377
11454897
13145543
23106120
18231343
13337726
15943910
12221652
19299683
17659067
4722169
7492069
23914922
5468526
23447403
22213282
24117434
10212818
4691226
8834202
20600240
3716858
6678773
20911227
21343885
10024160
3597932
14531669
1628835
21766322
18825204
22797143
17256902
9201638
19940245
6885008
2702286
13602363
18399248
17137575
10763817
8261083
10197646
19653100
21940215
16292702
23830739
640468
19639015
20356675
24531146
3120174
7366638
3507802
15177253
21218209
4888963
17968824
22303344
11848490
4365668
10197738
14919523
12382679
7536547
13490207
120724
8952711
14887715
20522451
6828618
21371527
20230120
20082432
11039973
1699871
1249207
19293288
3277043
1357540
19594188
11843548
4877030
12850633
7953284
11354189
15995549
14877869
17003949
21052514
2603247
9859381
23651090
13254626
49533
21465930
4169411
17110951
2438667
10586081
5988875
6034256
7148206
7954690
6865114
563527
20609633
81887
16082555
24252446
23296504
5600103
4721224
4980480
23072825
17201474
629537
7263347
14229057
23283544
18575090
17311785
16331548
21197892
1452115
15790801
2738422
20343185
1368846
15146178
13269812
13630174
16496595
2413397
14704441
3572083
23366999
24786906
17398574
1157902
23695709
65135
4878509
21072123
21891387
6712816
1269259
10866629
1745073
9329486
11776082
15855428
5376382
18643011
22397199
23690274
2304053
3194404
11746683
19600146
16166225
317606
18789329
18117543
24092874
3029375
12219077
1005651
21901059
1719594
15659931
6238731
12221266
15359260
2469884
23027471
3719472
9666740
17493372
18887
16325138
6955748
11197093
14637113
4368058
13666756
18157514
4415488
21196527
17278365
9486772
17566002
6804974
11121109
3985427
22198009
5467775
8034026
1041981
19305273
1310477
15184764
2261639
14178876
13633380
14256559
14233347
4862826
1339589
10164118
15743179
23805197
22565291
14739649
12137937
13023089
14241826
9671670
4904233
2874148
21515412
12047892
18584704
1905349
11460582
5262804
8478684
1183354
5102979
23278209
10301705
7630588
13024423
23927762
9232869
17678374
24927378
22321925
17286568
8328665
18687158
13638335
17251763
13038277
7142956
21718040
17901451
6907077
22606196
11993073
23689369
729599
6196510
11132793
23541471
5707495
24346046
12914208
2004545
16713376
11675280
16039104
10457709
11996929
7012197
5556932
21407265
10152622
24834504
24748923
19779261
17936881
9002730
15716467
20771880
16514047
5407207
8575912
1432061
21451862
24024356
20227111
5564765
23016973
8850181
24243860
18269271
8831965
7509287
22353817
8014280
17936940
11007804
6827980
2264255
24629594
3122666
8246732
8744945
3804222
16159775
12574177
5784232
4868276
18050414
20555574
21858079
16603060
1984701
4601413
6261855
24648699
22619313
10637729
7996485
21568062
11742887
794661
18605031
745755
15954588
173737
11718758
13010431
2026571
10627386
5924629
2838785
10069960
10401737
16133683
10387241
5925010
22761069
13110524
2109150
1642650
5199283
15884143
14685088
23199585
16390111
1551578
4631612
7098979
14839113
3446915
3364126
16057948
4275451
21860093
8809958
9764548
4828049
24367065
13486801
15124760
1762063
292553
3058431
5511713
16767230
12119869
23103137
7796860
16963729
3888620
10034068
20047968
21177159
6596947
16286999
9621692
13281945
7221719
20759637
4306062
22326541
11767810
749182
4223780
10546310
881657
23619510
1636213
16183919
17632136
18720257
9070343
15882614
16062202
7318495
14401430
13506217
11895781
12167179
9417672
20254408
3320225
18951344
9756437
7368249
19468933
6142025
16281809
10560849
4579802
7917938
8283708
6594688
24078792
13743304
18285843
1824129
24893573
11823815
15656790
9318276
7061234
15159140
3073846
23616443
17577683
21954292
3986418
17678696
5981272
24591857
8330094
7926613
19700870
15494736
9440237
6221099
24077556
2900482
7222494
17556063
11092979
24318927
13157351
132199
424019
2064800
5486676
4041441
7879665
20795400
23755046
12305627
15296636
6868800
12742970
1890839
24073358
8452241
12329951
14796625
22055802
23413447
4532889
23273570
24822850
21707853
3963186
6545484
13525021
17783863
7489842
8990900
20071795
22640235
11003958
13659754
10969135
3519927
10054235
20471271
14195260
4241783
10400865
529659
1517387
9857706
9663207
8307875
17622510
6143962
22318498
6400987
20738744
2634074
24504391
22992580
20799218
23151521
23882239
20515685
2625754
8187657
24883212
2943221
4018995
15685060
5282744
13177002
21009831
18455104
21020447
22989759
14367236
5963881
21054423
18472449
6328028
23647035
24256186
10856317
2737007
23359204
17671487
20925867
21583551
20667518
800459
17088965
18728795
19623772
24019575
24418967
260795
19144199
11882059
15595417
24827936
14514171
24856999
19103304
7966040
4086037
3793182
7035662
833608
20834261
24591071
17551848
21270334
12963627
13856807
4577974
13407418
17079502
22309126
11860097
17668729
13651662
16073211
4894370
9019825
17979227
18875460
12819824
11170841
15642381
1805586
1428315
7159743
7185436
23960288
6457666
24583786
14917024
20256167
10479285
10010598
2059199
8404567
16299738
14702860
10208970
21677712
9769176
3760798
19416249
4671229
20441701
12459470
15567266
14695797
2818148
6612981
292603
23299422
2461709
1614916
24685045
24861421
9316489
8885176
19799225
15501526
6148765
8456738
10200911
19633499
50773
18742733
16093544
9382460
22262745
1237716
10383357
1589691
16395996
5438
17023012
3517861
191631
21519660
20978871
8760056
15879260
3459704
20613621
24065210
21824142
19286214
19317244
8623279
16296367
12343631
15290513
19290814
8179217
18398674
6877309
17325395
11041125
6769855
12063823
20035123
9783180
14954310
8485729
22051527
6839818
8642632
20639047
15279691
10549157
3318949
13544419
2736633
17489076
3153684
17137724
2319364
11329042
11161217
24047939
19150757
15343561
20374587
393024
16934598
16885391
19940736
19721967
19644499
2985004
13017192
3097787
13256592
4754978
8819832
3687671
7905668
24059086
198089
21484240
8604377
8751308
1393785
2078426
2424012
23311868
3445989
17063564
22170271
15395532
24946826
9366685
8957321
19726492
16239124
1163379
21950
10897500
18198365
17886282
15067046
17540010
989921
1944587
16241140
13238698
14919790
9014144
499276
4599280
3643238
10236412
22136020
4878091
3262842
20481020
22163758
13686626
9465044
13214135
646162
15637858
4475139
2631435
14751725
23443628
22312932
9101292
24978279
23904405
1820595
18348155
1491380
21074965
6596576
14085218
20993296
16908529
5534569
11173302
5803264
4787950
8216202
23223810
3683628
16391230
8394288
10540437
3728868
12104833
8069801
6188582
22173148
3448941
22061320
22475606
20660087
23781558
7057754
5102462
16781574
1944427
18585640
19051505
9039110
14959651
7463337
13410382
19012936
17632389
3610272
13390133
21353991
16788938
87310
21942021
23522702
911136
12177602
14318743
6889592
19845906
12941261
4275051
15478154
20143853
10978183
23712720
20825993
10253655
230879
20126793
9717692
13320251
12950651
13732945
9617243
7898543
8326470
15317922
21973526
18505895
5795910
10468360
8950976
9880876
6741274
18358716
450758
1523979
2680993
20388077
22706609
18039172
6744290
12782684
7066569
7670371
20023932
11429783
8469084
11613522
4190582
14331251
15111374
19000358
21129940
3039560
2625378
23743052
18168493
20276617
5925516
24868208
7944412
2319483
620602
9688237
1174535
20586554
23564024
5779125
2412597
4876382
14355586
7077414
6881420
24771888
22966914
7358000
9176022
9780094
2906636
268553
14316829
1867365
19946729
23733728
17109546
17108581
14798631
19427029
21245192
15205881
11811301
12911058
7895639
7919675
6032305
2468662
17284892
16688098
14779359
21980004
715295
9731390
21025659
5515787
637693
6343578
13734101
15032727
4491796
17034686
20536955
12314557
5480904
3078037
5483338
8716233
17920102
2679440
17153386
3965368
3756736
6651418
23594982
259608
14065528
21411001
8448273
20515043
15097852
21003563
16724732
24515546
7866229
23349573
22803334
18440438
19444473
12658314
12774359
11444774
7207448
19601908
21323005
24371639
3726449
11201787
5985784
1732448
15153085
21618283
2341300
15591180
2333663
23712529
973099
15695373
14455132
17614340
19524493
1960128
11252995
18639233
20644019
16016592
2773331
16840531
22842086
677360
15923310
23677999
9995233
12727728
21001001
11372238
5220000
16974459
18269670
3714175
10232981
14949953
19087323
11750238
14035555
5316896
23921924
14335380
7958768
21343516
3761132
22262260
20601032
3587362
17050008
8543704
24896648
22946298
10845764
16372280
17597957
797992
605274
3706988
18128484
12294651
9335848
15583897
22540617
12036916
14845704
9318350
14705148
18051508
15868835
19274087
6509457
8308918
21194576
3058007
24833378
13966459
8953664
2470893
19843609
3555855
17961998
6604353
14580158
23033986
599739
23580256
4314413
17242301
13251823
167769
2518134
5397036
556092
9872536
21878992
7101658
208919
18531944
24012344
21778703
14151104
1701738
3999797
4920307
19441383
5631088
23073824
8236050
2325593
3713811
5309150
16407207
16360348
15877190
2600694
17344036
23478984
3476745
97626
5767345
688415
3956831
21040495
1888120
19711673
2954893
11251213
17838222
2308690
16887
4505303
20896467
14577981
13223498
13211941
5854289
5941907
19822150
17890363
3209017
24104068
22629432
8251229
20272027
7642765
21045546
22477993
22646739
24544670
12495444
19524368
12416545
4232145
21376083
2728869
11303661
14119450
16760069
5578999
21642161
15919392
12224765
24922891
4988039
4173719
14993917
16564103
21494569
2635319
14791757
21061125
5545790
3633890
20377128
12950666
15196028
16231794
19243828
20660206
15655170
956680
3781564
6699072
11915034
10984883
16630557
20142733
11335833
51476
17020071
3264954
7193894
12253445
19823571
18043021
2244395
8701481
6503336
16196469
3557264
23400405
18471053
15134271
10867419
6708998
3925205
10096278
5948307
8012466
12644976
17756824
18218722
7381677
5093532
16439647
1132770
10698886
4453658
2323529
13321144
14546032
511132
13371865
22832716
4744316
13505068
9384033
17460332
13183177
4132067
17065845
15783668
21934449
3739338
16753357
11902570
19347599
17810015
1428803
779171
14556418
5717524
5558974
11831230
24102459
5888093
24651598
2256481
20974331
2330036
2109136
2719791
20812760
5415491
13200900
4047242
3756701
12626543
5531742
15278395
541403
16630268
5596113
1227893
703808
22756866
9863861
21508735
17863105
723395
2342180
16734467
9690414
7494731
6368974
7278162
14042652
7645914
11141830
12977219
9230687
24603
4487731
998905
9261418
24113933
15759340
197112
18502855
9205700
1209909
24452843
4489869
14329433
3222722
12220409
18654411
12789991
16929139
2743956
20638574
13831176
1301026
13419794
18449703
2780675
24296612
4915912
19537237
15660216
14505539
9063700
23046247
17770682
814308
7552348
930453
8674188
9649314
22236159
6296757
12488230
11365413
4545652
7067753
22428251
3649921
10875341
14152997
2837209
12675126
