183329
163558
221073
101803
29599
10015
148922
6847
185707
152472
37544
240196
242712
109790
182422
177184
45004
39321
39006
231854
108986
50567
154477
135867
40029
46219
103615
110144
186234
99609
205103
220819
16790
46850
31657
3299
170103
38930
67967
241957
76327
230066
241726
203267
178933
102024
56452
167671
5248
3137
201942
92744
187526
106272
114405
122356
165958
27926
188528
240800
60976
151721
178850
20448
241224
45805
243832
170578
89452
201312
246570
192641
52764
109715
39877
110427
180871
215291
4039
166544
68563
216140
235767
128667
188376
155976
248777
40927
92485
98091
210209
126826
209481
118116
211013
130102
23589
3029
115859
191521
16817
9751
59752
163425
17257
47042
129389
208150
52412
76987
242493
243701
105452
229387
183351
186211
7042
112858
13790
53865
177360
77712
212960
95355
192155
145098
172630
101696
248508
57925
174993
168427
105479
15888
210983
25477
144313
88084
161379
3782
128045
144480
171082
26890
109509
106230
1606
51827
173652
214030
193685
25777
60546
221224
139923
160626
107182
155215
10470
214757
27411
118792
92675
191412
127089
96619
200349
211470
136947
105702
78378
106385
34136
220786
150429
18661
3393
55806
159500
206418
210138
30037
66993
135823
149987
201558
3650
211487
21411
235768
127210
85799
181235
182975
124937
42593
17094
212958
154655
113812
167879
35327
67495
193602
60980
137541
52867
154098
232029
180146
98355
128231
103514
46196
192249
125178
249904
221101
230415
217239
147009
150448
30793
167589
181451
157287
139355
182241
67711
79811
33666
10447
134577
169380
123395
112624
162127
194365
138921
86336
177443
149178
152448
238956
231602
176230
1744
30811
46159
122767
190839
40060
85275
5923
41303
81390
227753
96255
176296
212572
209677
44406
152772
199790
50505
167916
90006
29372
150755
89260
217936
197226
162622
4337
181063
214906
58474
178174
215407
196668
193278
182377
64877
66384
153898
39325
142568
5199
118965
50653
176800
44141
66579
25369
121123
123041
8315
85754
238618
213232
150160
22264
91278
41723
34439
178063
62157
101081
231794
19729
227574
77269
153040
26011
99025
24856
244337
163850
206877
114723
131168
219951
192965
14329
241769
202987
192892
115861
24712
235742
89782
16725
1555
8821
185516
235572
87417
15461
64070
194145
127002
85745
238279
123395
141915
65001
241629
33021
29874
125387
133021
227946
195616
249711
95273
237040
31863
57002
102332
102198
214466
12437
200587
77541
128989
195417
160451
218563
196753
239539
408
43637
60396
101552
8456
143118
136976
239248
237795
69096
195909
70348
148071
108441
211389
16133
115835
222468
2862
187035
239712
218562
193916
130107
185559
234006
41367
190130
12043
32039
31525
93530
39236
238097
40649
158349
54488
228765
118743
129719
227758
57990
112442
6048
148649
35299
74365
46057
4588
89239
198266
178114
194348
63805
218235
14633
885
159622
157576
77860
11702
31144
113916
214994
220100
113524
184172
80139
164771
4274
34541
98368
114452
98491
75473
119434
238146
74371
72080
103919
230388
39855
34834
7167
248762
129504
165694
54968
148767
48448
116044
161658
150340
132756
227097
157381
23152
245288
75454
128367
223258
92346
248263
60797
223377
166659
248722
197374
188734
96373
10493
82443
7082
117492
107953
128131
138827
237344
49676
30930
15747
99422
197272
151771
238530
154666
61925
118166
141942
204202
