39106869
5169971
67586314
15367789
19224729
58061686
89627238
26960433
96405168
63942622
51423203
96657545
71220312
65369540
82380552
73410009
85132654
67131830
67884823
29369860
70562397
15088910
76556115
63035376
91405549
4397634
61380680
40957633
84069487
33150995
49100242
3177431
79375879
16647471
99139542
95953664
17768075
85754346
6610635
52964234
71522695
16789196
43888714
67209465
50505014
85442983
40975328
48309962
54343978
51506018
86434575
98686613
58090803
19481023
83221759
14871997
47952141
61425266
60960624
91290478
38625848
85784650
52368230
33913632
33102739
48729184
33883826
97260556
74711775
66042771
19972078
15058951
51772581
19082386
24035326
83281125
61753926
84264920
22530330
20569586
62276257
24886283
26750330
55018933
35740485
77934912
62423363
33966698
53326345
49575295
34614841
87172472
7420883
84909715
40719234
35281635
4212474
55439453
53726298
29865907
19045710
6198752
98254644
90295989
4498595
6238122
96485655
29381420
81084290
87381648
52461608
57848786
6810154
94320416
42695956
57571278
24031673
74861252
17378004
70248463
52995008
34347360
93444451
91441294
63913107
26840001
94641104
70334121
76816353
47626892
49889738
51632122
46816049
45122844
29400545
21491269
86290099
13584923
61803349
72141214
99156673
76590845
32454983
55608340
47958483
25424316
81280671
66265489
23774077
67189561
24651523
85515777
64165744
18795833
67321939
95333851
65494577
50664396
14356892
39147460
12249552
86673551
76012942
22716137
42483934
81195023
64699952
94066454
20267791
66265738
52256334
26357784
84378875
44683230
96735184
88691984
91613794
79114462
34449044
85336194
52367180
94548368
88912263
3329171
29171437
89161174
21690035
99837870
47494230
37350068
21502243
37410264
33719022
81235780
11599696
13609067
33956553
99795984
86988896
26904784
25295157
81350518
71395698
32159340
21818349
9654949
17643879
14307877
47392597
76601712
66855539
81116106
20584786
80085815
13820715
29957487
4368807
50317099
94932954
5175231
80970779
41004
62310016
86128964
62217734
22114770
78261285
40586966
1758872
39954856
19021817
91531340
25354040
10410804
57568177
20573179
77841826
25612896
68096223
37965961
30969985
19725536
42111968
65656309
51081858
47295757
89718551
29125593
30309490
84094662
64575332
52048110
35072428
6139556
99575572
87764168
77929311
71354831
80369469
20394241
99870778
80736164
88050043
10235655
47325293
77374917
61888969
58810597
38700183
4946338
48125335
62751715
52657657
89529501
11830497
20705141
78601036
48375228
69202905
67775330
89007873
44138768
35744869
92870880
6015783
375132
89204563
88064994
88919978
91454024
79706851
57628835
34937428
31303871
82049876
70843123
13219374
43588705
57986729
53892998
34569303
35908064
91046693
47933027
16905421
30675243
83459757
66914926
86930299
9688067
41346552
33612260
80416604
24122083
9871342
20324162
65387627
81647922
247664
30862007
30682715
55215302
89704939
76888650
48413781
89475897
23021902
49244433
81789901
3668884
35865904
11634540
14800497
22134108
77439661
70899833
17005787
25178977
69445463
18294221
49523489
53885095
6129113
1388656
75602158
72308702
86473710
37850429
96775522
37044448
63837915
98470478
18382766
65617706
93381469
73846827
23839134
73705491
19223530
69535655
94714702
80889522
91841845
91558198
35655994
31527603
99283233
84677197
64491826
75246966
25905384
47100775
95865660
11184332
49822604
4846520
51817187
73177433
22868732
52375021
5251400
72303274
16574919
93268792
32805950
23426005
17012951
36005236
60665780
47864494
8464099
43851755
46039052
76845900
17453803
99448820
61951785
62002070
64051095
5766370
61538755
73564142
41917889
96417356
86154958
57602296
38109912
69460144
97623960
95286382
80051178
47909856
51373206
36675622
3170733
75104749
98371060
79334113
61166690
98798116
58730557
32962470
38281670
56799137
53213382
64220116
19852835
58058108
97899999
93109648
58854563
53144786
15045480
95450707
98822950
24826294
20712125
95359426
88777970
70131925
24792336
79467778
75435244
49858110
9377524
91387684
65620140
47690236
54042097
49186180
32232704
64203235
75670585
39757143
83777974
36552803
4350052
44044268
28302534
97010035
22830738
2150435
30001496
82954118
55535345
75388060
62585713
50764769
73129018
54014807
86226868
6666931
64025907
20290913
39462647
40297204
35523182
96540867
80914982
19447904
7211587
82519623
10335545
17286787
9865865
85340538
95660261
85591585
86907527
11657817
85476255
47510612
27557627
17047110
15570165
9036015
83611277
57870105
31235614
1203143
25650795
11919815
37401277
63485854
5216604
24773794
50417692
45999756
54163576
56503391
11195395
91208877
9329278
67139163
77770731
35332733
28628312
40406626
89115257
7809612
91477177
65153037
95395434
73690259
98034959
29585917
78249615
82225036
96115468
96411440
59532268
95168060
10456064
43177807
21400357
56740352
77385490
37378163
61566404
63584609
68567559
95767873
92711531
36073320
66167903
27253165
6697897
12934811
11640364
59695007
84555667
20634159
55131994
42040298
78875160
92181065
49257648
6413803
52782475
31502359
42017295
59672181
65030523
60994179
50382749
72905024
41054861
27102283
390176
11747398
13569138
369334
29093757
39049672
62201639
9807304
58388444
52362126
89739710
96680455
4483175
81309591
81251349
16898352
53066697
40643910
78894420
12575434
50157021
20302812
43587993
40730166
65970697
53586833
72941541
983990
81954579
62109551
80938863
66793883
12646093
83377419
37713978
23793684
99280696
14395219
63257332
28319045
95128355
50135960
21579662
55806518
22261255
41048210
19980917
46519826
10853676
20914519
43669821
17815851
86199081
21420102
20283949
73689712
52573912
93248548
59364179
31786062
62628915
52842933
87323816
26045289
60121164
59306630
54439338
84673277
25215539
63430802
75195491
73153631
53203455
21159464
10414754
72609565
67977896
81853134
51778540
5183822
60379839
92699125
61947393
1765897
73732549
39669697
96672999
52545913
47294895
82884698
69105421
42933694
57657541
48916763
99542986
41448704
48659843
55772764
1865072
29530945
51180839
88892714
79363793
34728885
38730916
67946773
92723124
61231988
7987819
12396913
64109245
79136193
24636185
65049929
20083287
4066510
85367485
51791242
10337745
45938117
4468665
78802051
901183
47274055
80216446
28532899
58072779
65911757
29343425
22656568
69536081
5099624
58625393
49588390
11430517
77447444
94567631
10022839
32542310
25930316
69027459
71003739
60483285
95556622
34895763
10049201
34631514
40845903
57666165
10924622
99267020
34733499
24121253
93235287
17975109
85944291
65141872
87304762
87188174
26437199
89444376
40826365
51070031
5261283
42988219
74238162
44375588
73134639
12611628
80220207
41252283
95496518
53321679
97878113
6415116
86453871
49520811
94038297
90326787
28601108
12655660
91044317
23074898
96583521
48643049
8361772
28995592
38041062
71871773
68876991
97315633
11214127
88187697
89969110
50491899
82712729
73507627
17036219
64696534
74963332
52059024
1577274
36571377
95324203
12412521
18338185
2051379
35371343
52692061
48351099
84496225
28658212
60850832
76777555
15373191
91622300
12663736
27261826
4073394
15372617
38427744
59080787
41067062
8608834
64067927
55601567
7227325
8764237
42301501
60229681
14753525
6284982
92310049
45938063
69505657
86988598
7919605
48105573
20290508
8848201
99348533
9410640
48641819
37974329
6715229
62118590
72065924
24997733
61028567
85419305
56572696
51845843
74909556
32709135
68283362
82321016
74679227
83003589
4969904
67018700
97608646
35476524
41628516
85465039
51299068
17557539
96533883
17246017
60221452
47769278
59383222
99864138
13109375
69810941
95535062
10109332
3768029
18284628
81375092
65781128
61007198
12940203
68947006
60176466
60104085
80033296
85759008
34532156
30443259
92571444
74684119
40969195
72928403
27353162
28303517
69408200
11125734
34178105
81955073
7180156
55025280
95330103
6594317
73822549
20547744
21702646
99363191
62026290
42489263
10200279
12985834
1462646
21899795
7389195
76712646
57419355
37092524
84451853
80497124
25303787
88666869
34998295
96569074
79982491
21842500
86389774
66163312
6052109
69258123
73511876
7254208
52774004
19563008
8219131
85375669
41549623
2427015
54007301
67604787
13829399
96172509
13580322
45957316
5128371
72141332
47773121
68098107
70117155
45356039
14432238
53770265
26955634
90663401
19602528
63225779
43727032
34424367
35486877
85776240
77720178
38717263
2217056
70665711
32234454
97523144
34161402
125155
87685619
50685614
59196027
83781533
11797828
16332488
72302138
24883375
72855544
12423187
99329197
75631557
7066571
23080286
86160190
7374789
63268865
37499355
58769013
62741668
10604396
18939775
53050113
40764642
21394141
62102533
47063425
82506217
17483220
98073129
99225340
60706194
30696631
85772103
63656239
48156288
24956491
37172182
98577346
89115615
54362130
26825753
78799116
24724123
97003826
81727203
12245932
42452010
97164709
26572410
83426116
69857947
78444859
19809865
45496910
41959310
6812017
43527358
2485426
30172144
23404069
71343345
27797806
7514229
28552085
6650164
64653156
3354277
63151467
50995744
26055187
17761241
41095042
88503990
60751454
83920158
64491109
55391291
53034726
66487917
35496180
66558866
42353562
14120108
38764469
17017545
73722526
65446680
47779938
84756932
78466358
26713013
6875890
40699301
13166157
71173602
20623424
38514236
21689977
76340606
6967147
2631477
76011780
8810251
29656908
55958986
29151600
14307892
72241452
5479846
4417985
64238888
74024755
69253167
71942721
51243431
53464172
96327620
99264991
3869628
19240319
89745849
1221692
52267465
61107909
99858782
19143443
66458461
44864968
65648589
43234398
78984910
42363481
27438046
21289039
86868027
54745008
65241069
77012601
700673
92552693
79844592
96374018
97731780
74216262
75893222
70651114
72299083
70363293
19466591
3228012
66629348
18282369
51217894
25889887
63305548
17090051
66354521
9092721
53718160
36807769
51029522
21977455
55882769
42615571
38377238
7736077
24570617
61740516
5691131
69719836
93938753
40916176
61346959
64236349
97573014
53278057
29289010
55273326
29816172
91714450
84330253
31752474
47484350
74486289
89278736
68176215
55590740
57359832
82833977
2235487
67470496
71920983
98448883
45844117
81319955
26849341
488781
89874265
21098143
41514834
54197245
94773160
55192176
61329013
37114642
56561369
70737975
6992150
9857587
65532115
16375237
76097878
45671585
681373
72382306
54742224
78435661
52263706
48670354
11599766
24726294
3716794
82024580
99663359
28274763
88189059
22671830
76031846
4835807
6384535
89021755
41189401
40281133
67184321
33000758
96714935
86084036
43902365
81060632
22463300
99510772
78470991
39535784
63031229
13592819
59564910
66954740
3729846
85078355
74548504
56483159
47974976
93788145
23716047
998314
76382163
3331363
72304548
59918596
8790405
2440130
78340828
24429117
91651604
78420058
36321320
5876150
81096104
72881202
99999920
69411811
55649017
94220599
42530687
27577866
57681588
6633858
99480678
78960264
10657900
40908218
36147276
12167736
2213532
16342726
94814682
88608906
9183508
91794242
43017772
76599885
94565784
71871658
67620230
34488422
77726439
90850177
3943389
63782872
76965612
37717546
40183521
51470693
77697899
97823018
63862379
33561872
79301272
34372427
73058088
58141312
33162969
15444446
39067279
75196959
24009795
60257148
57567939
24621124
97449025
5664646
90241633
27754024
83626069
53149344
52121063
67054535
75609193
36711623
53743474
14361742
48579975
37976191
94934987
49550777
74663418
30530692
94965967
2117715
90017220
773992
13200880
40742392
4992752
53921045
19571867
22510767
16218266
8661776
97770704
82123806
49356223
19615150
66661729
70556270
66280589
73435023
68245312
49160068
49709546
58708965
28800997
58753097
85157942
5308275
96906626
74887879
15561669
33534768
73175528
27847701
85928596
86691014
31582268
70865554
61080808
71822242
28272580
26063039
74181768
99304432
9070335
90491745
17298809
91475172
11159072
91747272
60360009
56145739
94379373
18995417
62675151
82873080
69519616
20888425
52670202
64438036
24173269
43566888
84390378
88997268
17280240
18234106
427231
828975
51379553
9556090
14996838
32060963
1389433
45155053
49483287
90998785
55511038
63268033
61118504
93964326
69165995
83494551
48997420
76774937
39021143
7688905
66697720
79005355
53938835
42575789
32332991
7552559
24086368
58952539
73403106
56742866
76227585
42378584
69877391
25272960
72502131
78840050
55960125
33278384
68724784
62167472
72847457
89075932
43836338
72773101
92988420
17253763
54635144
40510814
14323821
95763195
58507550
71336174
82869233
17559781
81467238
65083151
98641709
43975270
91120547
33767574
96251689
35257654
84839389
35121814
67617107
55831316
67573497
46346978
38546843
22701459
81087335
91783287
84667836
59750195
21267135
37655600
26187155
60953185
30474185
54319227
65474756
68518734
89263084
86486684
60631906
684687
22532007
17876139
97620548
34584080
21359291
93236828
55385961
68020308
10770179
89059042
51692974
9878595
60746173
99877708
5092945
87083770
87394347
7025838
85302814
11270114
84737722
19804490
789493
95994033
85063448
22453850
71698075
89084320
15337261
59595374
97832083
9315136
9830394
8700792
8206520
53447911
62216096
20010455
44000029
92537764
1880050
66269514
197941
8401765
267168
97047176
45763475
42211840
79113652
83483179
66976235
24209684
69097695
52452100
97191268
90877002
25542333
27934932
88041532
82120141
25355388
23623227
78846554
64835727
5873918
54178281
75973377
78711235
93371303
60584168
23965490
9590311
48754790
68393970
47563744
6942848
43884514
97468174
93724721
70719886
37489499
34528608
92040386
4567289
76263482
67537113
88402401
55981980
69676453
78312871
83681552
96641818
70200587
32396280
9092915
15383287
83681268
87745882
3342537
86954474
72369962
1683704
27014156
1475403
70704632
97125200
15419832
11279937
44159227
66146875
55128983
8402099
64029031
73788058
93324161
5630748
44525908
83180057
39347312
72869256
95871566
6325801
78362015
6500406
23947169
35408854
17921261
91188165
66041090
44993683
24101522
10439760
99371137
57308362
69618850
10832541
68988954
17006897
85872725
36513143
99831717
87965759
15061269
21839045
96650477
8315697
23082179
61985988
6019160
33203640
40436027
61666009
77956486
12358454
24992608
89186918
65339504
35087079
15423167
30156229
3169916
28149039
79973539
50428092
94691478
7189159
94839282
42372020
8932744
864634
46594342
786427
24029874
70308752
99027722
68678853
71667682
9477686
54533778
55542947
36032241
96477995
27245109
85255843
84848759
41578069
65306190
59345267
58019627
40654558
77536062
95468701
30238681
65212266
73615113
64344710
44757707
26919398
11617965
42825987
91016431
47320886
81049682
36823706
29042534
50688935
28708451
41769260
11892462
66022394
63554668
22261439
44879407
68023444
13171941
25175317
55075639
32512305
34452695
11205542
29147642
68484694
51173888
26640606
49667959
97633289
19790984
31789046
73600511
39538802
25203128
49684466
51995598
34551111
59797685
58638987
3306686
65228491
81720750
58819319
4678519
53406076
41714996
78007297
5668950
43537401
14274015
79570862
44043453
26672932
3110094
33745204
40136307
74312695
75067542
7116725
89022499
55744985
45896532
73673144
19939091
34798313
45697370
3816096
21321026
94273670
31026628
64897695
201871
32671671
89020828
61667523
67561177
57856794
52391517
42677238
17151265
3898263
25191745
99293116
12967851
81273675
54926887
21727737
47635759
10107885
36872077
90759249
88530909
36555307
67903951
36724271
6153572
3612608
19233527
98281369
84216403
22418857
50359466
84035068
38179481
2144984
12437601
51849387
12153250
75962123
18195393
72897847
90559897
39927690
27627670
21684458
77727504
78674595
17717755
51017214
18836106
15655149
72809700
33880816
78939615
79132960
2748073
25864949
10006474
94415985
75314759
58519038
38484437
12945897
12051430
43469340
29168733
29927519
9527868
34163826
76303027
21167204
44282208
39820980
39030147
24021550
34671707
36509250
20180963
50938040
93327065
6363512
62461071
70135453
84318919
68177670
58524517
57256036
6223607
21526349
94947787
54895411
86920524
42020009
1114033
68934603
82225366
8344568
62318997
13139700
88032216
51861806
33437206
94678319
27492193
3415962
45185173
12135273
93129647
42085977
63485121
17749415
72965410
57703727
15523155
16870028
135241
48589701
29240277
27549415
75416174
75924808
98367209
44622283
36615006
12829621
96843787
47728975
90950161
37667386
64603408
43994550
14618151
1481470
25582218
31563741
14746216
26346126
86086376
99327341
52238194
77718772
51590520
5517119
84208441
8055826
72024412
99020042
13636094
65586570
8446300
97531787
48989120
72546290
45725777
85632560
66050338
86029344
87157375
23102253
5882604
13548309
7122046
10146565
6736725
92633106
38215561
51739105
80204346
70335168
21876768
84844969
57754261
50204640
22359368
24562384
62256068
19642720
71670109
33816628
80330395
74659173
14972025
90421615
24328932
33526255
95662499
82835859
92534262
97448689
85623527
58398131
59177926
74147757
42885663
16857824
59750409
33436732
45280827
8868626
44879704
57534781
89996967
58140913
68966017
51908786
79055686
75485221
87655252
36039411
69915540
56033832
34260727
78205505
41298458
96228130
10145693
54362190
95957080
15141250
22186872
65090426
45028020
98556706
22069366
32238768
18102312
3954681
66577419
52531015
21230544
55947043
99463492
55177161
5346209
41176276
20586755
2664709
84454334
11043178
22873360
2566818
81153203
86114022
54248545
96248786
65008188
76899182
19684141
29645017
42901863
61541107
51272061
27139340
92281888
21016754
97554367
21168752
690316
93124456
75491613
52114738
57419730
59402192
74314762
97372565
82012534
82871795
71415068
58761912
30778019
37312046
53683872
84010836
95149359
4075074
78444374
60762731
77896247
69352468
99850131
28683961
13635269
69247256
20804669
58425314
90752141
93467919
21510645
3932858
94867147
6059643
93674082
62994349
89554517
16349338
27353040
86174127
5841153
36621292
23716935
69104389
850813
19375551
27769039
36222039
4895942
31699752
32969006
16510593
53425777
69455292
69438880
59825524
31063745
38114421
52164629
44547778
9718625
98114283
41875476
67602758
41803382
79388121
69872908
19658096
25935413
78029706
85719534
78091353
18407740
26945558
28308727
95155894
29478845
43120852
94066062
90391084
3556407
75241316
20503852
29074014
2113450
70362505
13583249
48824773
61745633
46460394
16864376
1074931
9261142
19528225
3176915
45570206
34735788
36938515
47508391
79274012
55537681
45165030
78123896
430292
80697606
12380186
74946467
73080316
76470440
15061802
75301706
23558424
73568440
33741347
17003345
29597069
34111943
7053826
68652800
66910474
77159070
86584128
48883457
41670157
86755381
16747797
78940190
96455671
95330947
63170359
1836605
42388584
28559965
59603819
52781567
91864612
40963639
24922973
96965150
67954600
48318943
23436991
58739993
63489045
5421375
81184842
2624618
22364369
85965688
83848559
3219230
10259901
55299455
63498654
20223279
88083514
59843502
40955421
65318006
3394840
53938640
15609176
65956138
50410953
3066545
2733393
54755776
8540186
15267100
5191765
84465033
93695683
74789020
61243411
65644177
26909154
9266271
30469933
55299589
97560164
19945289
69882523
38192108
12140529
70688226
54867121
954996
46682217
98919073
27089120
98785855
81645868
11074346
54002546
49246917
85899638
14121091
89983069
80989582
26657020
99377792
76895228
78304305
85308341
39771824
91377284
56619219
48597212
92357735
41385678
1427963
34433075
31150552
98698258
79294488
76108301
36495358
97541305
2210007
98809582
81744
35047998
94676115
41742570
15418068
55468276
63767719
10070188
57174671
28653439
1118727
46645926
85995195
81166958
31361845
16078080
99128654
69281419
40353465
50247416
22035338
1161634
73730553
14406111
44458322
88293597
94010773
81974844
88680265
29052591
34488939
3639440
84227352
74003903
5917376
89958050
89590888
65774507
85081960
22757899
56108865
7250192
80542535
24992560
57965603
60777547
83442368
47982446
32936881
70982451
9667906
68691694
57985921
52689513
97528114
67106968
37049698
9736833
45114601
9539112
94064683
93833312
15388050
87835040
78205266
71590930
48524829
2587428
23017512
27453581
21368146
91103243
31728828
46364154
82214409
20658764
58214109
99377911
1216960
39398236
58198645
35261171
5149059
46865584
86346813
40256219
98022683
28933042
96731031
82185061
73829432
81404798
11784677
41413559
92068933
82411064
63115547
28463636
76849590
69173600
3918825
90622546
84418902
68330429
62263863
34259098
41451096
728602
75152152
94555314
11073198
13696560
56221280
74218300
67488286
52583864
17113981
27272237
52494342
27401462
61630364
73086477
81245515
87317247
81849074
77058176
98789215
73378674
66110777
36635180
48674548
65916640
83544909
29207828
25201070
21491136
21253220
58642852
23385638
752649
34815213
84474670
95039888
80477424
28249219
28361755
8223277
12023827
93050497
87543447
3618949
52659364
99262236
91877782
39681937
43303897
4617626
19817990
91271207
58426043
79812789
82837004
85818098
93487521
45949891
90058617
51971887
96030420
85769954
25605087
17105964
72557574
75924161
50254773
24000524
96002910
64254283
33182339
84323061
54307952
19590527
93208939
83274776
32982804
32124989
11452813
56477078
43549062
4778467
39555062
3496090
8689763
97967804
2449501
15805544
23103409
80078816
19346290
45904860
92413729
21394180
11867934
42740303
55557654
3377063
91700260
90400566
70068164
22558162
64117583
12535290
30435725
73167823
88994695
28897525
13997417
34527319
4088562
86032387
20924232
16098687
56087448
2028663
49327727
35570309
57656956
88235013
87407261
13509090
58171408
3840403
41440379
28177305
88998371
91975612
55813180
27262042
12291073
81465174
20184825
20388113
80927725
18806553
59408915
40197099
79347759
69450245
93984845
1467546
18940026
88944584
38087162
95200501
4847317
59976848
89462774
75841438
70562696
22067296
66529512
51594714
77228772
95045159
24749432
65676298
31286600
1752144
75842944
80827809
27642016
51546181
65066908
659685
24880083
71558814
39051374
84133307
25738525
94083222
67836242
75612687
64351704
24933314
50650367
81890650
21194740
39312556
83271226
53092007
51778056
39692821
35254036
44593948
3139766
4743979
84381941
4177691
17051349
41885195
21830669
69919907
38961986
32737274
7909948
7751628
30645965
94540325
41952112
68560760
74411555
13902667
72208553
18346555
69041677
42741908
74545723
61558786
37532374
77028324
43653236
80343307
4651608
66936966
18081756
50640784
35995448
99682524
15236682
99810259
10485706
68912852
63774649
96730671
30651037
91909085
25828073
44122984
14133304
91185574
43333302
81266398
77774280
79273501
76627494
500961
49995670
43238428
40993349
11144200
54219957
12946810
66525458
6778339
68242327
88574921
87750768
18762739
99242678
96513553
86959051
48198497
42648663
97288718
20182457
62931733
46812786
92345097
37761616
13403402
38808831
92449477
17583507
44870630
85170503
33881325
52164735
81596000
27274094
46953386
26407492
86060688
97118647
15814095
69743087
74205180
20531404
97643337
40315261
16525080
52822671
19113089
32998275
57917226
47618503
74323763
45847842
22031508
48373553
72829816
36981035
77387596
25977500
46844862
98165237
53919930
58918113
71398963
27371094
37708
98930793
1749579
91778693
38872210
90180760
44521433
36743058
28756493
62009556
49140623
62309976
93197560
28866290
80463100
51232491
57006755
92195253
68682541
1891487
29993033
31102243
59904371
74506428
56706119
92540060
64547929
89684349
16441802
18368359
12756405
79787812
71814049
59346022
97962246
48538015
3429350
33108535
86181696
5941378
20005002
21003479
74047560
6614136
17857646
43890025
32143667
85286925
18365961
78372644
77470723
93333304
98312982
73849818
74426214
4639501
50276955
71124516
87556069
45803989
39572274
45343270
2396000
7807248
76560843
96272102
57136710
98192681
86860932
17566788
64257952
16374207
29392699
49717698
78866913
26470723
2168210
5590490
95112953
37539947
89080094
17060172
23411459
7391222
42387252
95503542
55701471
24938231
3655132
18885971
93102295
40901030
16792068
15665326
18370807
33234256
38294909
59300127
42803620
5896959
75596252
74244042
10220365
49121652
49084789
97313372
62260413
89168549
49392473
48886586
32163554
90161922
43221940
5682559
19488560
78383003
24388023
96922547
72047606
75941818
9833330
15024044
96924191
99721413
35748097
84477660
40621737
49456663
82708497
16261123
24915852
99772940
57378110
84068620
20093758
3780432
51639165
78385632
45126661
38244664
47247828
76571933
9128883
83197163
21850341
95305485
96171511
81289134
59148403
78769979
4765276
90400539
21670622
71441752
74803610
23093732
69691298
16424100
99117183
76253676
12047129
97806294
69807093
5623424
23367589
35330965
3395770
25053939
28598166
23118668
97513620
9493676
10666844
15719328
40389815
7226117
45311820
86802607
83886605
48265585
68558421
17200786
7907731
24239905
28942025
81718164
76830851
45062379
18826592
30752634
41653309
455099
32316011
71487550
19030479
28159514
51122162
84153560
74504202
50097453
78275408
46036091
14379033
31636455
93357923
2680314
61405365
70331471
11411272
2017853
68769632
8023605
11637711
50939481
22786588
28026514
36519905
85660306
64694530
78886942
99630437
53452341
93970044
76341254
63018507
21670983
82022925
71463978
25760308
69017526
75776949
7263200
8453765
98941686
62448851
75238311
99233376
68482125
49244345
21766429
62081762
2726268
21885814
7008379
45441479
44205130
54529464
9147058
41721244
86481207
73379509
2363239
88986710
255553
65263915
33293205
23485136
2271468
79314071
37266701
65355431
40911781
91278822
72425672
78746706
10136863
77265085
72441380
13342175
70445618
17145077
96978289
28967434
14620667
80576506
64440866
34391728
44880397
61246128
57284321
12478183
84360906
5158309
70258918
68829571
32601462
36538790
11569617
18087238
8043413
14183001
861687
67678251
30991316
63284169
48903753
84658337
50509121
88204016
14326871
29720288
5334155
62135004
77972453
88488852
15924157
29716937
41189109
36536079
31888318
33188688
40051216
74090591
35615397
53503746
52639361
48282187
8284053
37244109
56714408
85962563
57646720
92278497
2633866
9540204
41723720
96004043
27016701
4550165
74118901
6269941
26355908
14133424
83158197
37849297
64784145
76328013
63012227
52309455
77648405
47326990
63015099
95167117
1332108
86083834
72658883
56842630
38351453
92999965
95251036
67013017
68300738
89261435
71408528
93668434
1329088
62722046
42773501
19842193
76697946
94762050
1916347
14160737
92545451
91236202
33143299
29504324
5455834
53409264
13015790
33218906
87981853
1953247
41002604
9699269
62939043
84540675
231352
10501108
98192837
12661317
55207947
41103655
48814715
99869798
10653217
7691990
20564560
98321671
23528026
96167034
53182586
40822991
80070338
928729
35430464
69451899
87885312
61943535
72564559
1295116
68751484
40755084
20696507
15778764
97068845
66743765
19811800
31706353
4908054
31449185
6698812
59029921
54920541
63822632
79200965
60926889
99915308
58274612
27555970
32497647
51436652
30620595
47295234
64650255
59784355
33873133
36810380
98487412
85841918
80027047
44477852
38074769
64265103
89819682
67352217
10159341
2575783
21116924
87525669
84333113
65555879
20188118
49385330
66167446
57922109
9138709
14364671
62339978
73820099
93580020
43832576
4444180
75283237
6706963
37068
88300480
75429574
53787954
45939576
78066826
62795392
92492935
79704467
84680267
38542324
73790349
26334102
28671004
24546104
82787055
39353651
52020771
44556186
55666057
74979085
88514750
63558370
3965199
41900645
70130634
27968871
65703524
15579091
64142488
5548925
24923988
15124546
19366790
26571861
27192940
12735873
59138777
36504807
59783661
53710177
81079526
6080285
12697846
55217481
98228283
24664867
3729852
60259168
33286337
41209991
62836191
88558372
15704352
61538147
42485389
65092856
33781885
89551922
95489202
75913384
50852865
90177632
36098056
18441912
22500586
46635165
65277319
50359074
59758784
41918363
68989618
54028299
46619404
27909822
45339184
91808563
13299563
53225145
67680123
72159413
62904616
83316697
83459911
88818228
53962260
60091095
55826122
95348736
24355169
71910201
64433523
53841668
89941367
20600656
54981340
49802225
52676522
27176419
51157997
25169087
66811594
6696857
95776902
78829662
20928893
12842245
87069892
41523496
21869575
19185025
44209315
99378797
46830165
39890566
2147995
82340572
84710399
11766991
84698989
48013410
92331342
34271997
63074138
54816244
65058923
73808934
24757983
86161629
44855227
14600648
67845109
12041656
90414308
52176393
45239759
95805117
47055080
31124546
40893158
16263566
44615809
4023784
94447637
4663551
72171502
6245313
36504554
64495283
89617544
49574846
81086232
56292991
37965838
8600405
32292705
35443558
73783057
81064561
37990826
99669861
33760567
83421297
62317011
38290776
57066040
63921347
39777483
79149121
65773071
42960046
39475635
34923639
69790236
95208269
30941401
3506093
80561441
9786186
82119831
36390368
41034275
10510289
25388005
9849300
47338041
67255607
91919562
28983011
57476001
39470600
15042225
14549962
65383201
67021427
40038514
371913
45099423
4456574
7249524
19666261
79806430
69455979
83890604
87845897
29015666
45888734
71228806
19272819
15986808
25474008
22775895
66201527
59555041
41561393
8447038
58735580
36922093
69300285
67538996
62159868
76868155
63305033
84157402
96336638
3047639
6732917
5991291
87623618
43487895
50655807
75822846
11211562
38816938
2651287
62255045
23556261
93275225
28753441
32025277
42715566
11325730
55321834
47493368
78092316
71252518
34913222
53445150
69120004
33360173
40978346
39180594
30616188
75880426
69479759
72965592
98794145
51364445
31664683
31417769
57671394
40098496
56163461
49970534
57710024
77030473
74148987
53838042
68261727
74748547
79881133
16459479
32509893
96812893
4103425
78320169
97837872
40214350
7020256
68910361
68279922
76769720
46739941
66324302
42016039
50927463
7808726
4914632
69229365
68002616
89454319
90218943
45178415
66555947
76962575
34944496
8073822
49349433
37003074
59199439
36994081
88306615
52967618
681876
56297175
70261459
75391351
22538297
13360424
43346617
77674296
59705911
10231061
95168618
86085735
16874151
63784161
82927860
34950441
76972609
28989434
78445876
69305335
51445391
38670615
61045544
83628797
35911880
1624734
27604243
74006136
98197086
26485553
34061950
34483586
62085105
62431367
97988828
28540385
3284792
77447433
91739393
443632
87623210
13158971
43946280
32767538
88748297
60117401
21716183
10881608
4384651
76931846
75388478
78370371
38762339
35096156
74132412
33125493
50770182
31188301
57172091
52696790
38790123
27673765
30943728
80611113
32500770
33592528
53107323
35581502
35701699
26353340
68066244
14274083
16589736
63449314
79509611
14257312
53871645
31283674
26262971
67393114
63492150
72547217
30377880
77576341
18181488
91088898
92379067
78317106
74836412
6415699
15881572
67250547
95771302
65036186
98122044
45942539
33868498
12332149
85170142
16628394
95961128
78591327
85641785
36012756
37734346
36377124
96425952
37427522
18878958
59093521
16327930
8580915
70476254
35767121
38314072
89046137
83978779
92656213
34765379
26661147
36526296
73622743
82999121
84402160
8951382
42113194
45535947
95750861
99669405
8524404
41907838
48227437
78024991
52843839
31773222
30697501
70347821
71725320
42764417
52169302
5417453
6835794
40738176
67624434
79459147
11686212
26092889
43681230
68384895
23781435
39118871
34174776
71514039
72932185
77155028
52841492
72872359
90382965
17325115
28637659
44491190
73802352
29420428
69789791
59271270
53984491
36149017
85058570
50144227
70663275
39884676
8406763
89605228
2084898
97189275
38416229
15630184
71938448
55409719
9264551
69972390
96756214
37619109
80419073
54071997
42287499
49361816
48787808
97618691
14503866
31914554
99062482
54667432
32326222
52698609
32863647
11394436
39008822
5131101
69348311
91126321
63183046
20315358
2371225
93933936
44746355
25047145
9432510
12023666
13053880
25195046
76228930
56252138
62446240
2894279
97544245
91815419
95619153
47881700
61312745
26449685
33119211
39794509
8191520
32098589
26547585
24715560
72084007
68755881
84805561
22574330
78690408
15398134
18859850
82845403
51091818
90906876
58442348
87290605
15467080
88041316
78098620
56562750
11982578
85990913
27537517
33275794
28469512
61175621
44338949
51775282
65616577
23886959
32101666
71786381
15496156
95848359
26433084
9024900
85424223
77387603
81230881
32524960
12053094
24805404
84953040
66340474
96250637
42904320
12821919
81607026
78772101
23289553
46182976
51213846
76965966
85566500
30390897
69915368
3400075
69384142
16763550
44738779
95235807
32411890
29938783
59941670
90123219
29243736
47791223
28932297
17663937
32702572
74101176
84873775
50647249
70574760
55981632
65664498
7919083
31189941
90853543
18408978
62549431
6387568
81117412
25956925
76789450
63457243
51072831
67765550
33656594
82729625
18006769
87408133
92874122
78273226
98493025
2336503
72529679
58115004
46695850
55624193
74569269
66854686
13927724
63228449
62642322
83048237
62386840
87732505
15262742
37521473
69243079
60604811
57339229
29178561
3637495
53795409
84368561
59876120
76540329
81124523
73472083
22710914
21037092
96928690
90596345
24314879
18295034
7124147
14004977
72086411
74065667
24489126
63789531
82914430
13694249
29951143
9646469
53035407
82179672
46920704
48710347
57747172
81641435
11321008
77764812
88344749
21136579
22281255
18641255
60371922
82976518
48429674
59643247
37430370
53914000
78901858
4668603
82377231
63542323
76781346
79679102
93299088
39650687
17856879
91239164
46518144
25903387
7284771
11339495
32448853
68257581
92691678
74718553
84217826
17320625
65640230
22627426
8974540
21101776
70168011
71335000
26088207
90060562
70926099
83660652
62593860
7157195
81108804
65148548
70371424
75109778
91336915
29921468
54618651
6164174
1244150
24950656
34507480
84952113
74719399
2084532
2963136
24544947
5155039
52808616
98551032
57823831
48811401
49475274
16795311
77217889
50550217
19152007
2373632
52539224
65314261
14180030
39400634
27462810
97007189
88655710
99174188
38767907
15559343
70981353
58093285
85742539
33463428
82983610
79973582
21552742
21870251
89277165
68788197
26161271
93453488
60885103
29346211
45713649
85350761
82448535
25080999
31535352
35228252
72374230
59144224
36262022
82667267
20911319
64186734
8637610
73491271
87278933
67626776
16524441
97021787
38271549
84006016
50026879
68391311
41208513
87701211
99523655
76698891
80085108
48127369
58236958
9709091
86285379
1183229
12449387
76285527
15010969
18775067
31828819
10144990
42837820
8493584
72246793
18790925
50267672
72542853
41329466
72596576
40656128
92814427
65113410
71310238
81470819
81231187
30306607
97797604
88187144
57102198
94874953
81302709
72408801
56867030
22491526
82530743
99688316
78937009
26815347
36110860
94251209
23655470
1361394
37005561
7792976
24520505
8463492
31636225
85694038
91362544
50339378
60134085
80722672
32428968
66025170
26233962
37574041
11640591
8832465
84347903
57888962
42233984
88986593
47256580
57729379
56457990
64662675
31075562
22960041
11070695
37497264
15779663
52134890
78336421
50031666
21508730
22432631
77263315
5606013
83902380
49046764
8423397
42705787
36373455
80105797
31224687
80192339
8125936
4986824
26238434
43067790
93088051
46069468
93143363
70535644
64365512
16250897
67327403
2724491
57455147
62336424
26474064
92941735
38645883
45282424
90270846
42658904
79268234
51061643
97831133
60665788
41367450
98240300
72572625
62646709
22641712
30622562
52930341
3946788
92771359
59141140
79047358
1157104
61270350
82401643
24961706
82373145
92210385
60560598
32046251
84808604
9067997
62154600
8886547
52098424
20512766
88761572
431365
67863255
12629468
95820048
16867462
15425879
8798592
97160596
77899555
8374016
18773255
96697636
72509777
25340835
70932085
48133150
26132282
55479111
2964385
66820065
36071874
91574717
40035081
12739274
76168620
71476292
10584648
11392322
2021828
34476221
98765668
24639059
46160451
71023389
36699663
57991480
62450670
61891623
62614438
23448874
10161060
54323551
93788156
29340895
79823857
26475382
48298561
21450322
16823553
11713396
73964759
78737554
90235648
70020456
80217839
13070190
51378887
78526565
1086764
84813476
3104539
81461841
26000273
83836883
66637158
96115694
9705158
12035825
78419719
94825394
53594584
2190918
83396879
344087
32247895
59742693
96521968
19051270
63531446
55010393
32641202
64069468
24068496
29783480
30587636
29625487
12351983
95581973
23313811
73059531
43722340
9153015
25510516
98079150
21443655
66735978
37259992
10090284
68707102
14582711
40035478
94518449
25488697
56202012
92135636
32706176
4754511
43655732
90715427
91442079
45210172
69991358
18503974
88072814
68359682
45885714
64471901
56222322
57245874
1674933
62700576
34164856
70082193
39301500
19799547
46497416
96507866
3232798
80469529
69072689
43500453
70972175
24178272
38574414
86277015
99019476
60824739
62929901
46333381
69096961
95016216
51517395
18390714
3279314
70939358
3796012
65176682
35984483
6449944
73862695
98306334
3695510
10558946
42715235
20051179
44855455
17505459
91741628
26449174
42935558
77852453
9103609
39204290
10007263
49447574
58959579
57317943
19654941
57671485
38606194
41339737
56027180
49965431
39795281
87391924
75604210
12935756
7579173
65597854
53267976
2014699
11437499
66130583
46387317
29821880
55404353
95888785
8050460
53755201
56677653
92984418
12430213
57578342
33126756
29146083
31508974
66225358
95887030
21532127
56470137
84274758
72559504
16360446
49404957
71183572
37514049
10030974
54322099
5993393
20430756
91252309
47181086
86494727
15617281
25951283
63673860
86160920
25104665
87058372
56374804
71205827
99936508
23243915
52288251
19874376
25860357
49782571
25186331
76239053
58960692
84784902
29726855
27374708
59141668
21250493
43098360
14697487
62949361
99826763
16165760
31040818
83149488
41952782
35944020
52311336
9094856
18999982
27569720
40035672
53409645
86611900
66560396
14370847
77045434
8795298
53089754
29064680
3364833
9003388
36279410
14213288
13457863
74163856
59802552
47312163
63498109
669977
8481555
86397979
37734258
57125479
59500343
39087284
94935977
34458691
16192436
25189502
91355362
38547890
19792334
61243207
47771491
68055239
62990977
53722675
35764313
63535582
26265382
10347309
16533731
33021301
71468780
1556781
94769125
90819091
97498971
93596953
23884627
35660358
77348689
66897240
54711405
73139260
99277423
53042504
72471948
99720404
87578528
48434936
79894773
32182496
44770410
6607947
19146206
72971599
12700001
6611265
24742223
94882222
76871515
4570260
37314419
83298857
21255259
86412492
1258791
67513519
93558979
17110555
7188514
42398294
53671834
91563775
79198774
68784348
69828650
92131124
13102716
11532787
97437708
33923132
30613808
49794115
25786576
87721718
81084567
34583495
9776822
70997244
71086428
22152715
9594957
44921303
56573734
61045448
94277922
63991466
2035219
39386451
23010326
46485000
15131096
48667615
89779612
22361665
75618394
50342581
96949175
70162767
94817857
29077967
56072798
23913018
8238752
96529460
18315641
78073693
45493542
77755484
98502374
5496164
27559159
15186740
33652383
35273555
42627925
27240592
64407402
72193413
28302614
5378678
88117113
74355239
27416047
13444802
12213504
56783250
8694584
60753015
54440735
10386779
89740052
39709193
49811481
49987124
2687663
77894015
30836959
83749986
29532715
19048525
20414923
67618502
91416859
97150035
11231009
12187070
63613018
77684128
20089610
68787885
69622442
99669283
32916982
29561964
36325589
69106158
19464797
79650292
82916547
51792308
51038667
19624600
27717145
90312298
3531873
21181217
6865140
77172579
2693372
30049760
33586677
7443793
26357685
12548106
5208299
16536834
8037327
34264419
5436471
19552529
20510846
21382635
84742604
61422079
87734841
19054636
73726689
50522240
71665723
40912684
7741569
52897793
55283853
6380614
3994355
37217588
91910362
71911071
37732901
93592204
86926571
47337469
32302046
80816992
18004130
30138508
86309149
99076982
89722781
32877446
24780491
42482291
6254417
73257298
31230753
78921053
71003106
84153753
57634112
49806931
15119007
13701613
2609993
75470223
29302314
7114308
30171319
95875194
48180937
38215212
76618257
10485965
28309380
6445214
23176388
94392091
88929519
63295375
46220021
39275085
50592458
38647636
24744214
32141259
28975487
16087642
94608115
44814028
4177871
35460057
45028873
2664980
93585139
9422968
52229000
21019142
16363595
76986678
51216250
75367556
56543670
65074270
64832415
61981559
20056318
55194699
76984441
9960868
29235122
14171863
22641245
35906225
28056075
34449586
80273179
10050451
496145
15922373
83741942
16273182
59230131
94029580
4289275
30814558
91322869
89973455
6387792
63394437
68905584
27262782
54768619
71734178
90154966
87517466
59360263
28350805
10540209
38897384
50100709
68620120
54381202
59680441
82439638
56702264
74652285
19373342
43647944
34109024
63258426
84594974
23451812
70373811
69065409
37389526
96636711
1081115
19779260
38470209
68743644
90406768
72879721
76221726
13194379
132860
56085509
35619781
41989318
42067434
54607670
20525675
94024857
34003510
15045399
65352737
84837237
61687736
22898123
68153462
50589904
72645416
5288390
91423883
29096782
36432523
71327082
49073150
21168894
67907136
46921808
51747390
47847755
59491802
42270600
47411450
11693608
6877128
7216211
52977626
26985588
89521046
43175285
93369208
2841019
2263323
74256236
68676890
17204478
18136614
5219562
24864649
92295060
92697091
12840761
51003909
53039982
15792362
51804431
54283167
46532294
989987
64400152
40476080
74245105
52997386
61632787
25702211
27969971
390869
18705762
48252307
45660563
22308276
65909036
63350771
93589895
56474744
23202540
44821390
43752658
10772875
86407532
96549667
68475398
88734170
36822775
45633609
74127338
17504571
8980677
11650221
46166255
55228956
80787771
23786729
74716301
73701574
70601398
79799699
41684138
71397491
60119578
39943745
82461975
72569070
74875143
90973067
14744400
91811325
1294720
1348746
60926318
78596275
54933624
74439225
82450722
90417025
73972008
37853937
79890251
50415123
63885372
74860912
86170889
29030799
20338797
14665321
16278705
8165444
88859833
19638491
83227539
21859112
83260244
83901820
72388868
79623176
62589250
63899246
42941236
48776058
18923185
22108647
65081110
15938108
69852042
74499279
33001735
4883168
27059404
54587228
86455790
78809662
36228500
84801747
33323998
61107791
2904192
68650874
47294885
7457660
98373764
24188791
23085438
35630084
56273957
50488213
22757722
14205353
7053516
44150941
35707227
78310070
7702114
38156547
15830829
36795446
75978925
82527709
36138044
9867810
74843777
71978644
79325675
377653
46536650
71371855
26446174
52392826
18610668
37535337
98979965
36308394
54994139
8334332
14041231
24659701
71029043
27005815
53913861
29272411
56893479
21881865
26356719
34545275
39403582
73224515
44126891
70727953
77960689
96908273
60708793
67387321
73747733
85644003
17760456
68280201
86585227
49155408
92159766
52129220
32132037
51988126
26569164
93827925
31884896
946378
14063133
33969262
77894133
81629160
62314959
91815786
27659650
42035141
36245367
96387053
27425433
46018646
55330621
83973572
50093801
74030101
1476105
89422040
62995279
4647913
21092328
58518950
37475328
16769928
84082774
97215514
8014180
17562555
97960822
12256155
28314964
57271235
6066370
17177477
7646772
18049700
42933840
16947556
87206762
27085878
63304724
83340770
66955649
95583430
67569398
47714258
87827599
63001963
24743359
44480366
38101780
31813029
53154793
12822625
94296379
51037546
83911341
82202451
44396452
15759057
54573146
4101374
16187852
37676862
35017184
86168232
89580720
61555728
50339378
913452
43031296
51413852
87321008
48102311
81281020
39795912
80929156
23913530
7516629
98613794
58938875
97137372
21211348
3600060
62429341
4832448
85363499
722924
69471147
36017789
55857095
8660661
83417038
37420407
99035087
26155353
53938525
67402458
63278261
33774676
74072577
22209022
90244683
99562979
54826035
65680909
82409700
36650681
69315159
88173357
26995831
38839071
84611251
35509566
73166303
94631800
42244489
81011623
24914718
41272500
97774293
28624484
78768973
30345782
62939454
16394192
77543851
35450035
53657285
76141599
2447719
21932317
61284011
83458995
67769373
68786650
28982352
21917016
57201719
52537717
74256759
34183000
28649485
15826148
77032006
84265795
24480749
6274900
44315200
6290227
4304406
53420791
53183473
37576309
86177340
39518179
22127232
53368422
11231016
21430828
33451145
48084515
81220508
29248926
42495877
73995796
7145962
11114235
78082567
47606841
20173361
16690046
40188347
82953483
31811188
59121844
85773450
85766935
45487689
82567847
18682234
82245813
35906898
90678222
21865984
18294925
21017934
98875636
13561351
46452641
43108555
69583299
82926237
10464677
26443594
68340092
87957648
54410098
34138875
19103400
71595875
46677196
19902906
61423418
84571697
71714953
84124341
43732929
24111101
8206671
74187703
6364972
75475270
31735198
48598816
12551099
29179047
71572060
22205783
95386456
57122989
91973537
95685924
55603504
16387947
86806400
56613578
57120059
45125767
19190482
81281417
47490222
62568493
53733809
86205506
77638222
3931161
9636018
23549619
9987533
89858354
68171131
13463044
11168459
94622872
87247027
81103171
30691204
60773085
39576650
70138176
38042085
10620522
69938533
72027786
56656245
75874489
59209186
18331263
33414998
86878444
20871157
88275453
37544468
44978487
52709825
49404724
54444029
61921174
3375341
4239992
88274367
85998145
80596665
66289596
44667741
78725864
79795881
82360759
60018085
87875648
59052693
69648370
48112055
67079990
61264101
89753075
95452065
73938030
88007972
69462936
44251699
63269502
15956319
73986247
86266355
95965452
95705404
25773060
67515727
83482930
28806810
90166922
91497666
47686551
80034037
2545192
47940219
90172291
8320729
12236828
60085371
87291758
84669626
32290003
88682504
44873498
57908188
80948474
84749045
12594285
21103905
24470364
96725858
15505770
86339751
55682332
16218766
52031222
83610717
23317917
43680993
50865509
21004419
88473364
53346729
31807311
86025654
78352668
73568533
60646025
95668024
65419189
62394003
79655540
16568669
93493782
74972778
58677239
39513460
63200005
77280861
80590746
62965699
94985620
77660701
16800443
98622296
52177674
32857752
1881693
27884545
12966692
58004743
26562025
55480202
46312068
93828788
6515502
23956707
424646
61669894
47653651
45304309
68651975
19892854
82690156
15640124
3470430
45176106
69813495
87494524
97875708
13945196
73341444
35863551
42020417
71680281
30093474
31451123
57334570
73538690
1190666
96666163
21694889
53373415
60231264
18833658
21359947
2689343
71522173
4580443
12087694
80991710
15201748
695203
45454306
31515087
95098171
87947342
98441050
23020172
2502210
69574247
86271941
44031198
98129653
17339979
73056542
28048403
20106385
23478760
39601426
40625035
84686520
73840212
5213340
80359681
96303249
44270402
82294478
62080313
18742490
88550347
2019779
33369351
49149614
99514426
2246454
5537363
10696437
22855395
92914200
90260093
90049682
24817932
36474022
46435806
57196114
44631120
2573862
20756384
48425288
83543215
3889276
10528290
8095629
75643332
1434173
99411569
16033716
24881037
90416793
82265388
63248993
82919929
97139036
82971923
58486981
80172192
30002764
3131139
14692661
52885359
98605480
26234523
38546381
12389932
31174420
26214399
40526407
43732516
62400003
36958897
15424333
50307636
55603933
6195273
40113994
90620282
68015583
33592715
82602917
45926560
69843169
77654437
66135043
60650491
84212314
62327668
75703205
6298769
78715972
40421910
9248201
73677767
42926780
33337282
13201864
44781327
91223057
66124845
6892988
49146783
55669059
37202079
95913073
89879635
29014022
33301249
70410292
66149036
10291171
542279
8128467
92848563
18657101
76394000
26683815
32368024
4556121
84267326
74205661
24719729
70146099
70313303
65189556
46854889
68663390
20862748
82374438
26378859
45211511
19326974
89804130
60780163
44482596
62655657
99092107
94192106
42357042
6963102
59201434
21737891
21452058
73551682
35028566
27095963
55219972
49907256
21244055
33764811
2814624
15224613
85210415
61029306
4076782
78319288
31793081
23726208
73536794
81676486
90129560
17147232
34997418
97179038
54087293
13621001
10078923
16442090
50355445
11440506
32488195
63182131
84950312
36346139
34051674
86858901
44980819
10964964
70757709
74228185
90172232
71995169
80716458
52728874
98913602
90115607
91764349
81930747
92932997
12629992
28559341
54607767
19772807
50802947
66958545
56254385
30738984
43303786
35124528
29210699
3933476
84890169
26259118
43763739
17322965
16304267
97229879
63708009
83533315
13005725
3896106
8266995
13823219
61497545
398496
41896791
53337301
69271500
96756232
99592760
91326386
59862025
68245702
49551849
25811250
81268491
6038693
23825376
94970596
40695255
16499021
5415062
21005414
96097309
73377529
20569253
49950155
931441
9093877
71403286
66541330
64791462
91613649
1852140
25755217
47001428
39787673
94502489
81246451
90213923
34110747
29954005
24116655
41493349
99922923
23230420
66387950
816342
21441295
82729898
9224343
66195591
70107774
3121031
54713654
58612727
75426118
70364574
55709086
27325769
53473084
83948925
78451025
13311129
7857633
59619669
87115402
61425272
77904521
93423688
39684734
23333567
38807388
83421026
99465865
35176003
36952241
89947561
83034990
55224538
42588542
27667896
78970155
5507811
70255068
48638768
29984443
65851704
74724505
17677615
31694302
71054387
84107668
8507884
74125266
73587295
61331612
62170804
7715157
93711000
60747495
27944520
89771478
87897276
11790173
62515014
69199868
31101977
96938972
16471426
53096696
37383067
19794308
12765231
82044532
86188043
34188098
26898052
45690454
82277007
57831656
62657954
64586561
67823805
94335849
61554308
15565573
15950991
70190576
53985457
46029873
75672741
90771615
25501724
4918267
85814106
19134444
86457341
60867075
446852
84952723
36914635
71923479
6464225
79121159
81819361
12211380
89599172
96844207
19028769
66440288
7987361
57598575
36046884
46115909
2884394
8949763
4894849
13567540
34044306
38974686
25973983
89714619
16138016
72233970
12064258
40268027
71509190
13139482
78300902
66833414
17145602
9035720
25921042
32933928
56314323
66841009
2818027
60530635
65114663
9149021
11973318
65504906
98465079
78961758
23642457
49838609
90387601
42743960
88188009
98825440
88043850
92697551
34751257
16104237
99395342
56468468
87601778
62027950
10133508
38421820
26083808
22140301
65614392
500394
10653482
70794109
45144956
89069668
40665289
14421383
16477823
79586412
86967552
97234097
67505374
2656701
35810007
19209061
41096569
91398769
93867521
86417189
64903263
99346561
25791915
30086361
64746268
30509274
82350889
72271266
62282175
35470470
81625911
98161348
73145159
94780589
59427367
58361174
17987158
2550539
98796791
36594881
71008128
82167018
62955771
19316469
38914615
2471311
78894213
36018459
14006959
45950960
69345999
41680520
31103104
93259784
66452099
93258968
31037330
61062723
53414953
98935887
43544420
9918481
50428071
83427622
51329184
67643733
47740417
92922585
74119703
56688349
43460071
98463842
38043383
8121499
94671378
29597136
8975383
70698303
59825651
11193157
93784144
52835432
72173247
16646343
30982656
30959094
71013814
86573666
10552348
49412148
66373519
11378230
58897409
95625449
93812245
33340916
31393754
32339091
27952181
79465788
87381639
40970127
44771316
81191543
73732029
41123100
46679147
14051131
30229941
45859376
44209545
15663104
88895817
2415937
41852906
5154650
39846602
25847050
42691646
39709800
61201361
62241639
59615421
15900236
55499513
64858420
52275784
44003543
40214156
8919463
83784010
57368925
15217497
92432747
23697918
17817337
60688127
5512815
57371394
56748744
46263383
47279027
54567694
14039138
55280620
59138028
4584773
4667743
3716463
76695820
15504588
29754366
88348775
8016580
31287322
39924270
56842615
73871946
42594279
91389584
745016
58627473
10117902
24157169
1007344
78276639
63033378
62616733
33433295
9622985
10230485
3274874
86723392
6256131
68246175
67936894
18232022
30615732
12678139
51826692
97301120
25731723
43963106
67674262
4332807
67608981
24642477
33213934
12676666
16586824
18253238
47032572
14848249
38218639
42659087
38790872
22904184
55289294
79443587
67185602
32359739
26704212
51221685
18171372
65129759
50254347
16513374
78854273
75172947
47919492
4123620
81571576
17838776
13504855
66639453
59536060
42150186
56150678
20780587
18911458
39390610
71954246
61443201
96128317
85002223
9545138
21694206
90686646
62223057
93460912
55651786
66090715
64752404
13837915
9690162
74017420
9166026
7091723
55568088
85670200
83029350
87436028
3294069
15766364
25156221
25961119
88883982
4986846
74721663
46357313
73560148
32641982
58811164
73427741
89006483
51161453
40057611
41977546
74088319
35385409
78765174
60398446
62206808
10981337
77059883
96767669
96657649
14798600
58417472
58119409
32315707
75083704
1546057
73871328
24007229
41510008
6286284
4848928
45061882
17601734
45707126
4775195
84741211
52858066
26751834
95360378
90569399
79986390
31895344
79095534
58566606
69868156
98209068
12011030
44225748
84990535
22310667
47155416
83672065
74391296
26522728
1350143
2141622
5724814
72899926
89787681
76588551
22312543
47633281
11208538
7262809
60146156
32949456
7929998
5606709
44660123
38727585
34576317
945758
76987501
89315141
60093732
91015260
52148211
37645497
94779807
73677733
17072508
11994131
33892883
49186001
57293290
54214823
30410541
17239467
53832839
53423291
60700175
277176
25173432
44787373
40501482
8298697
35373555
68849462
62613053
54068059
80621411
1822252
57352383
59735248
60483160
77744698
69258315
65748866
9509830
82639016
55038585
72741304
28952728
7134843
88034701
85272616
86146673
8744044
74057690
58046784
95636951
86435076
63890715
66968472
90130581
69332319
80859030
97426488
25499268
49429648
62314984
41109910
10586918
9584496
83881340
34895273
27127111
8440700
3637825
98157197
71214016
39139640
41689638
58344481
52438380
93137615
48873033
84674691
80061745
94400727
44852724
23383750
31504120
13727569
56777899
74949108
2795648
82484166
69772968
23396441
64421892
92901818
30828247
62367675
98706755
70373406
78708782
60794085
57457434
75542455
49478488
46100295
67714205
7250246
17671843
34973031
83624915
65287817
2066878
71279755
74041911
32571047
27821365
20951911
69598628
92053289
27447827
78535601
43700847
38168609
85166239
31206086
5589581
14852546
42157074
68220386
59113471
90168225
58119819
58584787
6073643
75346638
51174202
93066812
24745665
83855827
98951729
23285776
31220717
19705681
9429957
30942709
92357370
92842048
34838349
18086163
5308963
56467720
47719156
47110102
64826120
98542287
40593
42515102
6978907
22151041
38960939
85222281
17572143
23634467
60998428
89631140
79564342
65843834
28948480
88724996
84971468
85361808
68515861
83455381
95770467
86383092
37090425
75997123
49340085
68954267
69118405
95917855
78928250
70800755
56655552
42965683
30034817
98835545
58851107
78571861
58546933
58639764
45560770
17270920
77875721
8173042
82331759
59488435
82090800
18452344
1793690
46746827
45448346
17198406
64606554
5298879
43095360
79244819
50187563
9654947
64783125
88335
51278169
32868925
96380974
33541824
89990648
84970585
495913
76450068
52592763
49960739
89845715
19904151
17612695
22196322
8115627
9968228
66550715
7255558
91936473
78025109
60292216
1858148
77437165
71652868
60285074
42718489
95314955
43724881
45082640
1627822
75870859
10628833
96758338
67710028
84894906
36430785
27906619
95513445
6572687
21536000
42562023
68807428
49280259
39155684
33470673
12810317
39142337
3824007
98818383
45314216
32089898
78182845
38455974
47329834
88019324
50559368
85311923
62566723
2717581
63359573
44999746
68834909
54422575
4818796
45394748
52449758
15050530
97761268
61578277
10742556
55988636
15301443
58943884
25255123
91466798
28077343
80627663
90510481
93198748
35803203
83048109
88508492
68873383
28634118
87932076
14834046
84855074
5204462
23893754
70527394
32022719
62201187
38216761
38163797
82500432
21090000
73220156
81701436
60564087
14834113
75649179
93951051
93768836
14692272
99367730
73524490
18815095
97255229
1309368
46557973
32291072
90824107
28699279
49285488
48480193
39549128
84370680
12987273
34410294
6343410
35856341
11402467
77516853
76719763
47261596
33928583
93323332
10819551
92927110
66511204
52757190
42357823
51258547
67799506
14108132
1742884
35231452
10669273
61608445
66219969
30755557
35700180
31039232
54447145
92702890
88516268
82301610
23154118
5198594
94876332
56001742
4463841
54531776
40228762
61901806
73819905
44029593
29313907
35400502
29463888
16670409
72269044
54968877
1671419
38527090
8830658
73863830
37200874
81643909
49724064
76033874
23643019
6766549
84712599
70006755
11432705
13183511
91712032
20426997
41625994
21551554
33529595
42005327
83726085
70177355
86745214
24812460
27807228
91475692
84872839
13899911
48561621
76482085
59143982
82873808
95863890
68745584
50654528
47857696
50299039
16571024
64750364
60689482
93180868
53869340
94612364
81934379
51590801
21047214
99321954
18630013
6345055
28819635
78792
32717894
48162867
42065171
50415
68309284
77678908
80569372
78892023
39684409
18955124
47640009
4726543
31696256
76806399
22986452
85332782
60403673
47988127
27232008
95778343
81287540
6767502
59991343
29798146
33673803
45166522
67309893
94168992
12960883
89620599
23810836
3689272
60853679
48409096
40439616
27545567
77947853
65156918
95466578
35016998
50258203
23083282
2609793
6204472
18044902
47577312
13742280
43864107
41328222
8267885
39922578
6462406
46120802
41057994
28676729
25431890
58584779
72192293
74270256
90433123
28469409
23311764
99447133
81883059
90933552
49938420
88687132
35533142
27548704
55831077
94679664
46929696
53967543
44030449
55675554
8992924
35851007
56448715
70448358
36796959
30204280
86422772
38803063
35294052
91883230
16615966
38208874
52726083
89795091
30914181
99472761
98647975
10735961
68782069
44899173
30545906
81644229
61348030
24004019
82877734
11339331
49464667
96714331
30278069
65222127
58160033
1595725
20884554
56238834
92085377
66194299
68405928
43446212
25095862
23526375
79706733
71020384
5718605
69525213
81504236
68635941
75660088
80213681
72247153
34803563
4187193
87794405
54474943
53786976
49787649
86482026
93352145
42567498
26042394
95087222
37204788
66528811
99342134
45839030
70698181
91496008
87709146
18436309
95132568
41385783
23555291
96222356
56437832
3026091
10704496
79204830
99161377
77933554
68579000
29913666
28669792
91350628
41106451
87940402
77284640
44616153
50595491
958704
88206800
19407664
17287441
47469570
19516982
85827633
84201679
28007070
30273918
46435651
51590403
93399804
62949919
89917448
18829926
22674231
99150602
17774354
51629621
41297352
1932308
59092233
20437119
90752298
38983599
44674513
83382064
71691368
62324318
36885448
35427935
12213640
38272886
49102523
50485889
99797445
12122530
20948729
52976677
55551928
84283726
65282337
52684222
71549627
85478983
77489118
31326878
85876503
67193188
35441068
85861706
23113443
93833177
77011812
32217666
24883524
85037948
82731606
90438422
59765176
50083129
46398228
71113838
3189184
60013978
97198662
68707446
23784402
94109972
75778132
68893213
46844506
84353077
10993111
59491502
93250885
18227897
91279453
93559765
68007888
17963929
14925296
40244096
53023413
44500062
81672646
16986388
1803871
68243423
46402980
33228129
81174221
14300853
9902841
74845078
91801762
29799245
30844629
96534383
83763582
48543613
53019359
8058994
50506154
93830486
63159108
30009557
69170021
67612368
78643845
49866597
91879308
6908467
2399951
15070421
3716496
190152
36171720
60522736
48610137
21327723
72206444
56337619
85075934
11156937
32572990
11008699
18563623
91099774
8357013
20072011
77396968
81111534
94472179
13657842
60390945
2246735
71766745
58469921
85860489
21212646
92528955
68050982
36051344
14230937
2223138
49459596
10518321
46071095
17680249
29727177
37463741
34352476
2116353
45010859
31644214
22385630
48023831
79524351
59209456
38546797
9084407
97877339
55644767
29015241
31372071
31803534
46487667
44002284
52678144
60910057
73304288
59305432
58873271
4860874
32882563
63885202
59507915
87717192
2121375
50849031
91654036
46535815
45148905
27317729
10207333
95839852
43862937
16591585
55333825
50772608
73201903
4592612
9041489
20563806
3022280
14395373
79700519
93915383
60377638
12713822
30405706
25464774
72907285
67382282
17248600
78176965
86662225
9103417
87837377
69732756
44381157
37258028
19030593
44402859
90241861
4473830
96583506
49392329
69561736
21859288
96915939
24448261
16190512
72600533
27039650
90319725
69003502
79130173
83729015
23365486
64256847
61112375
31931451
4877116
47264943
83184580
77662403
64998138
75008792
88257876
1500371
84502196
51631079
29515986
58712528
27384103
92381311
74316509
11925936
22271989
61155642
97587787
7853461
19019043
70411520
9401116
5400845
29526455
99395709
82350156
2552090
76518591
20221847
62442600
66374899
20494390
9203458
97818306
58002433
96046625
79803220
3756115
647658
79291218
62895865
66726595
9239760
49726689
39582934
24907076
54088961
8438050
52136069
82596934
37227948
34766941
15298230
68768232
87866604
48310595
84198174
26084966
92101661
18740780
13793264
33389312
61912829
26991185
13659148
53757468
29337159
28121404
29210038
5651811
78713299
76757221
33399677
2748282
91301079
67334628
13267987
29713056
74626853
23087266
4787021
24151171
29590709
28243868
13642755
93870802
51521070
84082964
78185339
50979295
4193704
4336241
3944307
26175437
15838080
5259748
34187418
84902347
69150253
22142105
2493688
44709731
4344310
512129
52334245
43687292
64751740
49807421
66038782
11235730
75225240
59612479
76761639
60402956
19477588
71900736
13356565
61025318
37637193
45737304
29456804
83470496
22805894
50603684
4949643
42487385
300604
35227288
95388800
90990255
28736247
36805437
99280775
55671511
80601770
15831113
83548174
18553945
55483100
29930244
34776191
4674729
86642291
70968973
35856710
47819590
74581028
58737331
12721715
28678891
86067543
90884611
90079282
49339456
91385479
10201974
83933615
39273520
55940112
65439997
65865157
93426270
12009230
75776544
47288557
89152431
63556009
67051343
2532838
50018206
55385652
88250242
81391906
44813215
11193102
85299704
79791008
44453619
16752483
18175610
74484884
40945398
79769527
39137742
15610464
55265843
41560777
10671565
74470253
4679655
54949418
10470726
58449101
83271483
8739674
53365119
10917591
14114194
78487325
23997866
95966078
60802422
84727767
58166257
85272691
59759525
61811870
1980029
23888476
9036190
80041685
95489155
40256416
13457290
90576004
18093279
11896994
55018456
8037683
12962489
67498377
18876825
18731415
36488760
78003747
86524342
86913937
84110707
71906775
23114113
59316614
92481947
68753771
31271213
32473771
80237575
47968454
21422221
85432022
36708408
83189246
82659290
68665695
32164
39932083
31516526
48398900
59325120
71770712
14992842
23662289
58575659
91011748
3403294
89837260
97989386
84408151
74180299
77351746
28327796
47849532
95324352
23619500
98862446
2979973
42634196
57240039
89049121
24000039
56768928
7425497
2364033
41143210
74385880
43214087
62635254
64568961
80350104
30817443
8987415
3197499
60907297
46705679
40123999
30788312
25273748
84061297
41156887
20950643
39537016
73044627
18562660
10852299
45584999
48241068
48109887
35399384
91597514
21218511
79562657
94225065
26084033
64678275
7785719
85260577
90516641
14493055
78009400
50566803
10663297
19286949
50992860
76867660
51209065
74368041
99057148
6997144
3763393
97851855
45935326
70550310
86693508
49865360
46330212
24116317
86693587
96361045
96834107
24615085
68815281
16738216
56561384
65923443
47554478
72638482
31311100
57981112
99557078
49912354
14689236
5734605
8191299
49996212
57876738
61402172
15385497
70113566
48219399
35119226
57135879
22175043
90633994
69504247
36879455
61926620
53856902
42654636
96375313
52800297
97928892
48672393
2577829
6977418
3476684
71444526
68850577
70604869
18885651
76132931
44738294
9568244
84540305
62178759
8701198
11527691
76748191
32401952
77341138
69601382
76975423
46959156
89566340
95189740
11722073
15817086
98966929
32880893
87750269
80027433
24163177
44556688
19034473
82309655
76124073
52780601
63161940
42974166
58462689
91309020
75657341
40212868
13453374
4135196
66462491
46559285
80538879
76588383
32982751
39647744
32217987
79331372
80899913
75266987
7386301
48669037
86736707
31869741
91946286
97856561
98591689
60578611
16697177
94798702
23296568
20426705
64122937
79593881
47849162
3027186
34042778
22800530
84465100
63010576
74652955
59661875
90366259
3763343
99274523
72065770
92820559
20081581
55250651
61840455
2563950
47533455
58649654
46928340
33338423
94024146
31514372
47716552
76986450
84761013
90058472
88457322
20083241
15777064
92927502
7614930
51175494
94928991
82128615
15482667
89586146
25744599
74933909
51867989
66581643
79381987
25907213
56316506
84120237
61035821
58630438
22408954
25264593
94691626
91825289
86571265
89425496
50023286
49824502
63965533
207116
38344321
77678886
39142257
4190440
15505071
20837997
52370726
59345701
96666577
87487029
26070115
82759195
2921601
43960392
48270300
17160363
44095447
90325289
23599190
19400847
49181364
17013790
22978943
36249705
67819109
19146099
92443276
78175960
61518789
49562030
97361953
97941850
5449653
69676641
24209834
26961528
80711939
42486632
61948911
60607107
65833762
37485495
39596448
48030424
91207731
8552520
95055061
41260819
67710895
50179589
17399020
27628474
22001482
90204686
80644639
38711442
53925006
14708487
35233002
23614812
15041783
85957972
85623982
60860177
15380918
97224508
64321197
51995269
19266000
98213565
31437259
13446987
55454700
55624127
23795094
67331705
86215415
23490469
40819523
35463715
80413446
17101082
42794536
5537082
26088735
96092409
47766142
85377804
83124048
71356334
9763672
6870917
61376608
7813526
70158388
69396931
750518
88510367
57260623
12790037
33613916
68272695
11049642
67598537
81312918
80330193
33306975
52958137
26679055
24658152
51153777
62944300
14505679
13831499
83649554
95364791
1341442
50414722
75174357
41406452
61553678
84040326
57534429
37834637
87899308
9063818
81408982
70917388
48307828
55376191
96654728
66658112
32355746
39147569
64439601
35988543
18030850
63448775
26109786
47246787
809083
61877585
34287711
56015191
76559384
14252926
73767941
33790240
96404995
39141423
90569167
62262912
48584977
3696647
86433324
83725239
60147392
53844212
90927946
75008228
99081231
89085517
2524165
65152164
87561783
37663867
20264245
24238820
16589409
15635113
2681888
12157779
82675455
82886462
40844402
24520356
85169636
93842070
86134785
99636533
57976884
79918627
75076273
99592983
55376377
50631316
28190485
77305173
24747947
51212353
16809936
68413772
82829893
65494918
80044905
44310956
29532975
81693444
77843532
62088196
2354714
56199347
84230547
63341634
64498511
48971760
27024997
58442228
49160951
8145365
65512498
87230963
98859340
21826195
10260857
63716198
25557463
22707844
81978502
95244088
87389053
51785065
92092905
91989926
41858610
14827707
1359370
46705822
24680840
41324111
73510191
24212657
50432112
85338562
94345983
87339158
26181900
81871215
45889796
93758075
65641603
20773695
97184144
97752207
53775483
17184883
72461339
56903248
66635576
28653516
5965721
23922858
15260621
58608428
64123265
76826544
55413759
1974405
60969534
69108279
85925368
13179748
40362407
60513303
40825264
56079878
76273707
26140899
90695183
14115028
53615466
85564715
77644514
38072041
12329724
11209535
53391235
28956790
80797182
2244711
63292489
31220936
26045332
75300678
57108720
40402634
14878543
20544748
49394759
89756993
24151455
46911995
83221957
11413321
80385409
86941706
44560481
71639217
35810780
69724061
56298517
35829080
45255136
89674133
99514150
4064186
29555270
31453812
87635394
79685612
8445499
81619403
81579212
68631774
19312782
14371153
40060545
59261786
94633072
6929264
39398702
59476994
28628873
75539443
43677182
21952620
76894861
57740495
32905101
31829876
73516206
9077350
35611396
76888633
87169618
69309429
54689713
97191613
74082355
94421280
41329040
34985026
49118354
73150394
22883765
33829434
32907302
99814238
12620462
48374341
55605462
26471692
57197983
44441874
20977369
94870671
89974218
90500863
19107706
30514885
78446030
70914392
84189460
64027875
64400293
81446197
84159534
17191316
87944272
82295956
77966156
72768040
38423159
9163699
46818774
24678862
4721159
63552679
1210196
54964580
33428528
36066150
93224298
43573310
20238177
47139047
95121142
48446054
30292765
26405643
3097904
6730025
91768132
66570680
44395564
64304169
61819152
66485028
80157716
60641117
12865319
29406181
46747329
33282948
6267386
99782896
17633459
91455000
33237202
20727938
86712927
91119517
7697080
25316523
8724244
78162777
63955380
93551885
72346519
17055155
1464750
69272639
35294988
62206185
98128754
62851905
41675479
16078999
96232156
23296304
67961299
54948845
43520707
19300288
92717416
40662172
33076224
32307718
30115824
29774540
21891094
11583461
42106595
8547355
11745000
29918899
38039890
13165828
41375659
39454448
1532256
26290810
8696861
55871691
14185882
32426271
67043888
37506530
23344849
25465859
76052145
43497814
2093896
35012531
1922288
96964714
64296671
59519101
63048308
91111236
69036362
3704421
11806871
49619882
3501481
12035616
26271670
90319884
10298904
75373059
45427459
71551233
94694579
55410810
23478009
37368246
8342571
62544245
29712478
9151558
84117250
93596651
44278641
49317650
64738955
17866170
25297435
40269855
1786203
9364379
24752638
8031858
72556250
82542052
14178110
85686112
85462474
78932610
89288390
90562860
70323495
9673642
29501449
44489954
48119696
11116339
35841999
52520490
65380354
77491697
96673364
50453324
16854302
62448192
77099149
70150300
80470109
13860209
45576147
46195892
54330656
94360522
49593446
57064512
99269617
53956663
64999389
77418443
34690261
1153976
6745785
18706766
53040856
48280746
64833516
51350728
63822433
79065753
84950320
4898661
53880291
51710549
68367898
76224299
24367672
78037751
65349233
16287318
32077501
43711908
12015180
71820023
41060680
38619644
54125269
4694911
35781996
71235068
1838927
18589336
47466376
25649413
8601978
15584962
72283799
652085
57735658
15924727
50113164
31990317
46154840
75920705
30664057
73115813
97212170
63824998
78613675
89988413
267320
46031553
92202742
41766998
15306933
24426943
75729743
69827205
5987368
56181586
4123267
36823095
38471275
96117086
29474780
9711327
76666725
8445033
93894737
93906033
18631498
34784296
48545204
95543628
63258256
35690231
90703384
84149145
11253398
90217599
73496180
21379489
7080308
41130574
43852552
91789575
89467485
86426087
22334663
90352133
6546076
49107936
48400075
77347694
83571145
11220822
94878749
57339438
77327367
5740101
14191519
46858964
23358735
16233829
13001254
49488508
68758935
21628152
40645875
36699043
2438658
57353355
56177331
16174928
97620723
65782752
22204980
42716165
67057131
87045595
3257381
21897764
98660952
53034548
45442319
23136210
69147110
78838632
64465539
85284212
25520741
94837214
37705498
21768300
98802013
57372016
97935763
23062396
52855087
41509169
88828618
66683116
69999397
70241425
4047154
58104146
75035926
75243307
21026835
93011359
28347091
76422734
63058929
66562625
80963946
13602852
59602624
46871143
68266058
61956973
1517227
72027967
13270339
51011589
60032028
44081842
89435393
6429042
86650859
97667793
85568825
4026864
36280900
24888357
47653194
79256300
81972390
19609054
61166725
64821940
9518147
62797551
59318518
79222117
54667465
91040749
48061692
84643371
74369161
68206927
59327007
58628290
54729641
86532153
2971085
7511153
950039
2845301
40781605
11112307
1743848
8268319
91553458
55548303
49539318
59660467
44544008
7948082
97083612
7398277
40619814
1560494
97648772
46332255
30787712
975720
52186210
16316937
28322983
13137558
81252317
39682174
18869429
28067818
67683935
43936065
90322322
72683863
66279727
21450451
52691140
10158669
81332065
30226129
67516787
90176270
72395579
76735487
60501555
86111834
35905111
83515817
80466460
62223067
36600334
82380640
93637627
5098040
8429301
11888779
45557063
10111258
95486278
18758800
86805812
77199526
56767995
847420
98340560
20889372
77677740
53922209
60559857
57893928
69468583
69180865
81045820
66293421
35312644
2286512
93944207
89499337
89974114
83464866
38106141
45186449
94036483
26749358
60456690
38722546
55056805
14362311
43091534
64789236
10491281
8895958
32393630
3303697
45932687
155616
18705795
67250979
96260386
86277158
28425262
42271560
13632232
98576106
14663577
82400591
33379689
45435880
88873268
6681233
9448017
31496580
26934902
10607220
72373185
95959936
57708307
62455920
55392886
98440849
56171607
48532537
48883249
58477504
72812549
64056873
74622339
76815642
85455961
85947950
67972945
20025742
12840134
96866085
5786916
57714819
7398368
18540583
68804362
1989208
79716478
12251515
85952793
55919457
6722393
59297714
99741608
72465111
70638893
48151126
91948581
98909484
10544520
17414959
31310304
45736985
78311742
27159355
68043730
97464574
14346195
27223869
44927258
3584240
51389800
10779758
99515659
93633736
43292798
52233632
41344320
76148655
83040925
43480658
72852849
37824520
27732397
29676303
21292806
65283975
65714848
29960811
78053424
37633696
23317699
56628914
27341526
31999708
81864340
31669773
86557608
78069858
55218474
72550531
55940134
29863479
47187640
30760534
56095641
23759820
34523247
16183032
75419411
28572198
79727237
85517274
86439063
67465066
87313349
86757840
8307292
94182836
43758208
86167883
95091590
16051212
17296152
38660911
60554000
60029577
44650856
52979125
96730942
24374345
78371935
53030387
4970542
48215070
38511629
25839599
34161764
9698924
74633857
41536051
74069482
29067651
21846316
29769442
53039840
31555506
5509163
67383945
654984
68450603
18780569
61732818
77258232
8070021
6681324
23196199
96998054
70620387
88827292
32352825
78147159
6709928
65710084
82235578
78653487
24330660
17724577
52542841
17140938
47563598
19797382
25485765
64468775
76205571
7170381
8652755
71143956
4259690
94509148
44626832
42031553
2414498
14155889
27632283
16033508
89269196
21252358
81826028
61535446
14814809
77839343
24824314
20594780
58082100
39330669
84579870
65833185
64621190
17587163
5346404
15827165
63758220
4621676
82276590
68343134
87283195
63503796
15071265
8491919
82034568
10815054
27295732
32644706
15037275
82987310
28653079
64771407
77829021
80861361
12347306
9297290
73122196
81986126
25794489
45075591
64107240
13109569
43523111
29233521
4704874
2341681
76323625
32770176
85410043
63317429
55220941
46298021
61951328
25409799
86210375
74993046
19897473
41292318
11563804
34845143
4864041
19034330
618223
11352815
11271494
77683719
52334415
90006778
13599771
62820014
25364008
77195109
83348223
28162678
73625083
39042416
1651789
96031842
99596125
1035971
72208232
22653839
52962005
23410511
26593756
27369334
67194570
89734221
82980073
94917988
60947360
19471381
87435986
89556021
3467970
18223301
97602106
14634118
47384400
3277528
83588887
92289081
73054763
48164509
5993466
39416533
2443702
43051268
40065894
40955066
38949310
47855783
36713266
80576417
47539818
95469225
16902810
65154787
79577708
68498862
42526095
20568027
97596538
28097125
15835494
38982461
27173646
52981723
3225021
14856193
29241830
77745684
73357130
70024801
94128333
74926844
66016890
5596470
68302507
92545476
12038095
90431262
35714634
90889515
25999645
12262715
39982067
56718835
99568285
81477975
11042996
92828533
35079442
58859044
73935227
31380663
39130924
17930797
13580852
22204350
7983540
90398444
82706233
52797394
9391439
68109281
89010923
7375388
30836928
74603370
30770041
834062
20927123
77813906
4422996
51633401
56427219
4878365
22548091
42574866
37422687
99047009
70617347
27893941
18865440
14901326
25551415
97276082
83258492
98490751
23381296
67992641
98636635
938380
74060391
93529860
5282598
63865621
48363500
99535904
61823468
47333907
69367525
58568967
91086992
73878613
65418920
92373753
94131470
77050799
23116032
50457706
50259442
87389834
10152392
43748831
31681759
42225176
16604419
44339723
67392627
44954148
88779486
44146983
25493700
1928179
70734626
41108244
23364137
36014392
16050509
23747314
60895057
27963790
94011944
37063340
72764233
7623426
57709287
92385306
51922534
75299285
38101690
6327781
68383290
74047274
88597346
14571258
88989906
918059
83008682
64247518
58722972
37237469
2563332
99856409
24246293
27278778
74761078
89414499
47009773
60756317
6968881
26782423
91677252
53098537
17405321
94116327
57017974
43913778
89082190
51355867
2212029
46244875
1812513
14879998
27429210
53411696
86605909
2165881
78058066
85285189
50662014
76412840
93989109
44515586
45971677
49866857
42466380
80572971
50984942
95933440
7974720
79891113
25732406
53934644
87793063
22812898
68303780
60699264
83961092
14028334
99186971
60460937
35702808
55647414
3890665
46580838
34624492
23404677
36726023
59014047
65357397
2237327
83253482
25840946
4284572
92680332
40301922
79789319
90652149
21646939
15303612
248941
66519158
33218618
78314314
64921750
96735232
11580747
92271909
12203592
57224491
3471114
67834581
7515176
22228425
60931669
50113604
36935616
51758993
56813268
79331964
44057472
61071060
1957774
56652473
56821158
93085438
11074638
66520143
34547849
80738105
75425950
24207476
30139439
6583338
90081125
85039384
75125845
59126891
34594153
21164741
13363049
25411607
40634888
61483341
64223115
44809801
49321252
81783683
89546993
13595919
63048501
81480726
75301508
24624061
4953967
52253795
26509104
84476
26816856
75694792
15001524
19518569
7759459
7897509
54643828
68722134
24119277
98461689
29538573
20433971
46957431
1543535
37039599
14460722
29256293
85567107
87689965
73640556
34801045
51876050
14406381
43797001
64746162
59781206
17487908
33487916
27530004
12316631
82229606
19480584
9565902
70597668
46626595
98080899
74051741
77096435
57216565
10186989
16632171
39479285
78929786
97422919
44390103
1571940
38416506
90763557
40253221
67490736
40313357
18302697
31544236
63424762
97935872
38069896
12144871
9994932
83771102
27977855
37419564
1454744
98653329
51376719
57098900
95296281
3235208
10417408
31331241
17802320
46629450
43570893
31375054
36170289
62653442
84961351
13347638
8493815
8916994
95036510
46174399
23765063
94685325
99944256
94246463
74902657
41272354
11062068
64363335
12541300
47403329
76145200
51237159
52586878
76750259
14083418
57468405
63708380
28678489
67149802
25016057
7154222
56010226
993191
65914420
42410539
79771723
50496347
87799103
79135489
33019269
95156096
58172130
89173528
37655703
42521996
80335935
60308916
35392088
30472730
12323338
92023318
68945108
81728166
50863584
96707035
42793771
37198323
19090292
519708
80942174
3657171
28094299
74596043
67994506
34474232
62757668
24306050
82834303
61579112
63128253
99146984
83987770
41924968
39197323
38476692
44455039
26385529
66651579
84910197
50045993
58650786
17862879
75836435
90012918
45653656
44330641
61183904
78128963
20623503
20889067
8417572
47303735
42600883
36538129
52328436
72887315
49713751
47422978
55298520
33228869
51477160
58541384
18076432
55163192
31703372
78463967
43125548
11588380
14253240
59099211
74198198
41208549
38331433
27652983
45820353
60141841
26242840
15953215
14954857
23538786
73553904
12466926
35824484
24225602
64772202
57187196
40889437
92574540
9446532
93294893
78016791
21623207
68772347
31179814
13707334
33056397
15181605
55913025
12902969
28733093
58304161
79081922
5925643
54568026
85958820
50602065
61974213
96763563
229537
26331922
84414483
83901726
45072628
94220900
90602599
2318241
97689538
76643514
90884901
90783155
3024433
69800657
52464649
11385474
76961576
5629582
14577671
64212102
67187932
7175678
13041320
77989393
83820678
79478381
94970172
77899682
96094374
75336587
17014449
31871749
83009004
14864851
59711126
6927449
91735922
2324231
83391362
9921402
66682164
75535942
32351862
1433865
61262098
78927770
44467586
43475846
51061759
63552321
88005203
35447551
32371180
62350606
82669167
73135066
17669653
66887433
97280563
6051392
78245608
74762353
24784102
88754015
46524227
92647318
66699621
13982943
35246559
89593188
77200072
77694125
84524042
63868461
54337829
24353230
94055685
65360657
49560454
82794555
38049648
86431972
56895887
42409490
49611420
1928602
30548239
88654094
46401063
74525209
38291012
1058453
46803287
72610621
89725434
51678434
89672504
37737017
96231903
68507439
66002721
84093049
23507859
62214894
8023279
25108223
6699610
72626698
96872337
34796025
58069977
49969268
31051419
85066100
66308840
89451670
45328064
1055016
23661631
59641028
97965776
87275700
61814359
15510862
44673291
19392585
41182870
24645009
77199578
23084667
26931385
70111988
88455611
21638647
85356749
14759844
70369760
12569235
75369508
41014891
14394242
48754322
80030399
96553404
25223768
11704862
87917097
4614562
96197219
60686930
65483550
15249628
34077985
37450702
80151903
53558108
4128408
76170661
95708666
223781
56209690
57105868
7289375
83904580
7466218
66529933
70284040
40368665
27558046
48907552
43956956
10961699
19350152
68734111
24864567
54156365
59772043
6216922
32414557
43720495
92540608
56723888
60019154
87383274
65452011
29263399
45398740
28946871
25130576
27747770
29878762
31613747
17553530
75809056
74663683
32413333
28056106
59970309
4748387
65197904
48490906
31887603
61907421
15106495
59035994
37381272
30418214
10172696
97657808
5756087
37023279
4441639
38201530
32012627
28705619
99773600
66155871
58213254
25210552
30723959
6375913
13002539
29835699
96361100
34027295
81825093
76041534
39583721
35117857
34778677
91689968
64139040
81990463
21197463
84638019
32199547
17949136
69186950
19616106
29677689
5556262
90937790
36397748
7043992
83632475
15682754
16596075
5171328
43218567
14333951
91833242
38259894
69946182
25779340
64727339
60008381
72255851
42664274
14065150
59758744
73559630
63657600
73997957
49680118
4075878
64423628
69113546
14648364
64296277
1809666
2446295
95680227
46485224
93493473
23602544
58005993
40306346
22422280
66518039
34100644
12151111
73854527
89826009
75985206
25849605
98830512
44226312
43821021
62612026
90130478
86755657
25444928
84779577
61787150
1308094
29313942
5656801
59489393
22710773
1701642
56242214
77450547
86392157
2531937
9389052
44619370
4521580
96497734
15659921
57332388
356152
96502025
36363005
50476631
58300147
48805915
27548441
16350423
78277982
23844786
43796523
53012559
47696805
39859907
60632250
7705505
9949217
84108338
92588601
94370345
36040193
30857432
96082314
27413681
63151408
20610866
89069163
862006
37690282
17082592
18363904
40211674
92691077
10846815
36484255
96549907
27733343
15255964
62809271
82694519
12121266
21398899
39970333
64264036
39754404
37173805
26061703
83136127
73955695
98384684
34705458
57346706
88133999
6244464
43101510
45625386
59067724
58843636
77419499
75912312
24844900
69571305
43060721
12981911
55958637
67042830
89651592
38055203
2367853
96527825
84820836
14887911
82828681
33670930
48356671
7760186
67914085
51785062
2732867
35848723
37651379
35998336
79368964
20085498
68810163
82138140
55465342
89580449
35168572
12060017
52742628
62166073
11995723
89884227
63693547
83811932
37993657
26751368
12076452
40307850
36780164
68121888
58279409
72269388
58957969
11347076
90196951
71913748
89729124
44158058
90655437
3167121
54511798
31177665
16033876
64651734
72680057
19990502
4351226
38562191
53987177
59010623
92003994
79463541
45687296
80614908
5257545
35552640
43602153
80535781
29776710
17037399
17911367
9933794
42075921
76960292
57141648
88305635
54835806
37377813
33348456
11256468
89222831
69409788
9826769
77005678
27830559
40854807
88906408
46367440
50463359
22984030
82210433
65508417
45371742
13748029
37312110
30032326
24303685
48899170
76562618
56573449
70652677
69266457
69129198
14899760
54636450
86789123
14491431
44177758
32030663
74265379
92308067
45509907
1171537
44780598
36520332
39842260
2483316
62992414
37770940
93120248
10392515
87295825
91615167
61840355
64942348
36948949
2473179
41045075
82986847
10491124
77818936
88055433
33740495
34238152
53037956
70467093
81429706
27546281
96342081
58687337
20517944
24310098
16334486
75479843
90755185
43200708
34504999
7518927
16947626
12970387
26686173
19738867
61186207
88570120
2938985
58152300
28862491
50429567
95573054
24358627
99920617
3800509
70148579
8060723
58103862
35282668
53967901
45206437
68749430
66267889
11086783
29136605
28952119
18946415
84365161
12997753
86985112
5517533
39676071
38663619
61659359
63379400
10121540
73583376
97949123
96695406
48984937
52681192
51521929
7727909
51195306
931864
10785956
73299366
14792348
1098746
55218324
83186356
52238363
72730691
80343831
59441001
65373554
44416471
56406317
21374260
23466477
79420868
89991177
94156418
15036244
79286164
80612292
18017139
55111306
92324023
96885702
86818755
92393523
67510446
83376921
82197062
95140925
7761641
85150829
30239968
13784057
95099531
80110574
74883004
26376737
46737354
83358263
54722065
2123855
21116096
32003595
58431752
21441057
92404734
70611980
9547184
14842441
18169405
19608839
1242844
77450134
29200326
43484407
50476555
63911328
24120806
39370046
76065499
23387937
97500025
45146669
94399676
53895677
48026502
21583165
45064727
6690694
6443368
72177131
25924253
58224795
39264251
32695858
77129082
68526447
43676176
67643223
38383936
78333339
27863857
82804701
58940033
37791289
94764797
42416793
31548788
19371648
694816
3766038
56935290
22497323
65746184
23948604
52244615
75017274
52847379
51453128
47645861
24318358
10424284
40732370
47252128
80446673
2505224
88495907
26876763
15289554
13860777
82049765
24670373
41295452
23974274
32232822
75684302
55785068
87345711
95597785
90983555
30902616
40161613
47349954
28330444
22412452
76031254
73507420
77638258
35788251
44090667
26091056
66902217
45368847
71027503
17498267
79971490
58605636
17092402
29015679
32420363
2349475
23491653
54703482
67611955
53214518
59768174
51602855
84545150
58490413
66347334
9318843
74874086
85925937
59821774
93259845
32970787
53825533
6491575
39642555
62600860
48756984
71833949
29434338
23380125
36632313
27520292
71839091
14416215
38451756
88860644
5249393
15793418
89992940
31822314
72018049
49526215
53458290
37651372
28201620
94118343
52477626
53745348
42036756
36843418
39565319
24041073
31663381
36289368
46568647
10689408
39406821
16011841
97736161
66217172
26130169
11032068
60618783
48437870
21418333
15532555
30150701
11563319
59980334
81005860
64614732
63131040
78007305
46843953
4350735
99371176
82231288
70020319
60225258
20500244
71312803
4556426
86956628
88785910
56532438
22312975
15254774
72960312
8110123
38613805
83160086
40958407
41916264
34002991
30539824
28105753
57561146
67188469
47075841
26866458
45262941
11564964
79335837
5850217
57962527
87151064
18462988
96295149
95786557
32973327
55950608
55626219
27235373
24319965
56035803
74999010
28776149
69888779
72766312
18368552
60680762
11736876
29415778
77175497
60448637
24135865
62914724
22228111
35035942
78002550
51901598
33598320
77585999
32752646
70393596
2785019
45606214
24178145
16870231
98320347
65842103
91397879
5923719
31260256
86022703
36301136
55241032
62009215
71594626
93261323
76459878
88481665
94482767
60691353
10517750
63444852
22072854
74839661
10302220
16981633
91087575
45098003
25190230
14523677
30039917
8605351
75459483
77183021
968850
6445399
51006282
86261622
3590147
71283462
3349942
49893443
79203062
48088338
23797053
81439674
40600430
43050213
894844
69277760
88767117
41516262
11316142
27084582
6930904
45713241
21705049
63941861
22298452
57147194
10154009
10974885
50892964
44047645
95551886
42374212
62239200
61924952
65248723
82601084
68687064
35155533
35892924
83260787
15777391
10235229
39857567
37781201
62967511
54260765
6741330
33155964
66245238
8422100
70414277
66609426
74240456
77371276
7181772
98975906
3499334
22512478
8465490
40311904
88766195
65398111
68575073
89126766
72850911
82933128
83861332
7462809
50867158
78954242
10641993
22538746
72413099
15408773
74251041
46861377
12064
77110572
34161942
80123841
18817562
51256345
19581589
35775277
88159405
40383790
87146986
20490702
97412727
43189752
57870296
17241046
16534855
21557650
98585540
73398371
67209381
54987354
45448233
21963496
34527382
59631308
31567242
92685751
34052824
80234843
99347996
55444798
16243278
39534524
49198329
24093971
68117021
7332263
4083818
95778339
94675153
74430172
78838650
5608340
28845193
39072393
70509605
93199479
73078512
97260513
97996270
63615405
68617437
53516175
31697516
38096505
22260642
32134527
95215162
10959237
55341453
89108605
61751099
7759663
7488613
40924979
17564394
48491525
94211656
83962684
22031146
86353615
98986071
3248296
34542558
77965348
15955504
73098049
89231589
55532142
97886901
72625529
34454033
4006320
43243785
44004601
23856756
15630322
17096660
55481927
80541155
45599336
24142798
10245517
52060497
94208517
90814913
28106596
52622762
70709000
26154408
86179940
82323264
70117039
72683510
94612397
88995846
66217370
61849161
16070471
48964918
1486764
3379224
32735663
25416687
63209219
78905504
71784929
30653516
35974117
86419084
55858294
23566579
12648449
41781771
99338448
19754518
23618999
63872904
30618912
29601299
35680435
72896641
51027566
90189288
92729980
79105302
41618152
11860166
11375320
98380947
66450978
42844218
58384272
46143593
52716661
43875973
58666687
27436214
84318378
51472299
17661687
284970
38852543
56029154
49818492
9709835
72147162
48482573
45114007
18074886
26292236
19826655
50288285
2874135
33152595
57964536
70463917
68721055
94784521
38299920
40969638
36596439
11218632
35095632
97649821
88746824
74088990
58254444
39070181
76911991
20561893
99956824
93522722
20833311
29485498
40868898
28186790
56040918
84659829
94775767
80787299
25730997
67894823
33960594
71202492
79249671
76177371
87915702
59127584
81362591
69699774
52563763
35896025
26128073
57394953
69198104
79004278
40968408
26113740
68493065
75720561
24276075
40398916
32267299
54731072
47266019
26822221
74111621
43129908
47718901
88608853
55553718
