566332
3883007
3515388
2811331
329662
1758790
2703699
1089252
2934027
1906117
2824377
1001825
1075922
3365692
3601347
841681
1089030
61456
107455
93105
707842
3878952
921736
2035688
2647202
3094406
3835984
3047326
2166246
1127611
3674825
1268079
3057396
983956
3000149
1144621
286761
3851082
1768154
1481373
1825580
543336
1571956
3436083
2756487
3544025
2585909
677656
3195607
771569
805786
2307410
578793
2970245
148483
2958378
347623
216255
3534121
735808
1302196
2080358
2490602
3825949
454527
388475
3585362
1687342
3853947
3752896
694112
2901348
1264645
3749215
2084644
3647158
1950084
341531
8321
2683382
1751549
563132
2080242
1452877
2207041
438273
2817473
80136
1154658
3644810
1752445
2826715
3767322
3892511
1947898
290130
828286
2044568
1639637
3642025
2378573
2413079
1004485
1099778
2971981
1841698
1646272
2282286
1338100
360363
451973
241778
2740227
1921334
3058600
1175118
1941540
890619
3462635
2283042
1207432
2949727
2025846
2731499
3685282
2246196
1725821
1269382
3573015
721618
2549431
3705993
2997108
2297491
2984483
2182320
2007054
2837515
3241169
566976
793131
2524163
2883778
1036632
1495114
3034139
1696231
2038296
55514
3238429
2948224
2289793
1909513
2559884
1011349
2948768
549536
762976
1265278
1156437
1332984
1904699
3273689
3938221
2546691
3712057
546585
1227441
3490730
1119080
3798878
3246335
3059995
2606789
2603491
2348695
947231
8776
723799
2311302
3824451
3098189
561417
3690430
1647415
1348072
778824
3716425
1410081
1939230
1696373
124275
301678
389391
3687277
348488
1357096
2061593
1427398
2151679
2265933
3059297
1536688
1933328
2052031
345838
2373027
1028911
3711299
2002854
2348413
2635725
3439443
2562817
3697288
1797343
1972279
982974
3403993
3098514
1728164
2599525
3018687
3556153
3705671
3371444
1654487
2178828
575828
3151734
2878356
2321607
232804
516995
2155499
792922
1031283
3625619
1106578
1536756
3887984
1266665
2446057
1503067
1143791
2677228
1723526
3482171
619055
73904
321588
2853621
3852797
1504689
3564413
780338
568132
2448644
3569150
791558
784262
1309552
1402947
1497002
2016344
1514991
3070036
1107936
1284130
3287288
3900465
1878201
3495637
89653
419763
2243873
3408844
687283
2248222
2467705
229086
3917970
3027985
2798564
2546973
3742006
3287821
2820599
2860503
1633920
1090945
1549278
2201183
95155
24530
1072594
179689
2487340
3129934
2417245
771606
48157
2235382
2962122
1276692
2508486
1704513
1129303
687822
3256372
316352
888207
159658
2026426
733970
3823822
1249729
2583937
3626940
2955908
3449020
3212499
1055290
644878
204936
1502088
677494
2232853
740114
2776469
1942006
2623474
390128
414637
3894813
3569698
85896
1683887
3066903
2313622
3641180
2281872
3837749
3758589
2116334
794752
3495040
1704312
2826291
2767974
1768455
953171
3648646
2302594
1593891
1170578
3666914
2542028
2080396
1584562
2104866
235837
2885173
2889396
3446376
751974
3157808
2882222
531651
1523980
3810755
2147698
1907804
666594
2533516
810481
3581382
865788
3339089
1466758
3008702
3098107
375140
589769
1109443
3054275
3361334
3697616
1474508
3332222
2802800
1871558
1746995
3012243
2365258
320728
1005321
105767
1762522
1772110
46957
716892
616515
531946
438070
1877140
940831
3062805
2704761
1716187
2953696
970383
1512056
155766
3957735
1356492
2355298
3280648
699287
3869873
2993612
2381687
3555227
2461415
348972
167962
2739177
3343454
760658
1347428
3450536
2190178
2247418
3187300
546321
278669
1937958
1006617
1162603
3678955
2191638
3379557
1677727
1593765
556218
3239034
1576311
2198510
1734179
1300791
2108616
1475568
2430261
850368
216626
2840775
670885
20950
1658282
3020203
1336208
3424350
2352165
541024
2363327
1835531
3719762
2659916
246347
574278
1979655
1772804
50803
3351773
3762025
3699240
344983
1219100
245505
339256
1687187
2689234
2680859
2092901
3649527
3889931
280549
2165099
3223782
455185
1056298
684250
576024
2984430
700008
2814383
2818781
3476915
3536312
2176774
3859896
1038466
2195848
1939222
2521203
396625
2003900
1844043
1370750
3927908
1096070
463795
1043901
3100978
40582
3843079
1158117
509670
2249415
685649
3837140
1350931
2212513
1845602
3774352
3265729
3632017
3932588
2020013
298106
740646
1429364
1701968
1963683
742508
3033247
1914608
3930410
1851000
2552922
3730774
2299811
199324
3480832
3079453
144884
2441484
2955523
2562851
2178067
3832641
3311457
2982261
2946463
2990222
3307801
1725678
2231499
3986170
1089500
3878321
2186791
377355
3370742
2087291
485442
1505662
3307219
3427914
1896033
1729921
1311641
3956739
3786863
31676
917570
736891
1466377
1833508
3786466
3976228
2617048
2547365
2116901
1845380
3288899
1106372
2343919
3772960
385420
3579225
939479
3663900
3597006
1298317
297043
3230805
1641027
557237
528082
1858633
1940646
2613324
1340165
65029
1172342
2743310
883873
282409
2091722
3800848
1700895
1092249
873132
3719285
869036
1851623
3665943
3426033
1137888
3758587
2805215
2757625
3421755
2215654
725846
678767
2066971
3819928
3625088
687634
110611
1383074
264341
1772416
2454120
1358269
3566721
3685617
3776153
886985
2640609
1908237
1135444
3603363
2031466
545515
747395
2266208
1508507
530117
3688151
3153189
1582153
429976
121981
904638
3731317
1698750
302637
3559938
1840238
1023672
1756306
844132
2285809
649296
2989194
1479923
540057
1781357
640304
2573015
107252
3923307
1910626
2439140
1077735
2026415
34093
2466963
1663293
1283028
3478856
3915552
1298080
3183955
2036079
2605934
3766949
2264456
591805
1558121
1441947
1194617
487001
1990987
1003191
308171
1187992
3062404
27573
3743346
1382932
477838
267412
3537031
3777524
2965367
2608180
616095
2877725
915609
3912546
2053093
1033982
3244823
3502966
3447251
115391
3500042
592441
354348
3619631
1592406
1615968
1568970
222059
3720639
3590040
570407
2539866
1843979
1797092
2726664
3846796
187223
3723916
3856444
2169031
1576015
3313680
974365
378165
1848532
1245055
3862783
3752697
2894217
3689080
1192190
907465
3909833
175910
514174
133407
637579
1118998
922621
2047723
2729971
3239696
1868682
1383471
1180160
790204
170716
3748089
1888374
3091982
1035449
2749178
3713285
1117618
2220278
659970
2121063
2103983
203980
2865908
1042322
2493445
1944100
3590638
2286467
2886141
1500573
3126455
3367012
2522775
1346370
2916354
3597232
3928144
2416543
3257775
1601882
2231329
2416387
3648205
850788
3927208
986879
721021
519362
1202972
1231511
3470171
3624439
30028
2665687
157966
1256206
2821893
301726
1589344
2402446
1307978
558989
3352015
1346995
1725429
538405
1842893
402961
811040
2120476
2187603
3873763
3835715
1441415
3076972
1935766
1498919
3580964
3191355
2586141
1065121
1491318
3001791
3701469
844539
3963665
1832112
1338168
3074892
916482
566535
607579
1891300
2124740
2895137
2600370
122406
752899
3145524
3171432
1910394
855364
1837307
3394464
603195
984219
1350428
2997415
690919
1266550
2522680
1472797
1375247
3732168
1948803
3417481
393731
2622264
2088285
1305239
2056965
2589899
3396130
1163913
826588
3310850
1804568
691362
2455217
318858
2057167
104511
373135
3816585
2533198
538585
2630132
2250034
3794684
177981
1375660
631179
1224307
811365
615490
286156
672049
2274753
3579351
3203048
872264
2686093
2702058
661760
2963922
3769654
3096375
1505692
2688422
218115
3490114
1749149
327072
66230
265039
1841503
341106
3056998
2035100
3100755
2170115
1195021
2168347
203827
694029
3201651
2149011
671020
1273832
2380505
788470
2816873
227156
387117
2576340
2034951
1164932
3542383
786221
225691
208609
3535302
288477
2148095
2594793
1238813
1014415
2469466
2149061
3439701
1405176
1582172
1036728
3763321
2789556
2300092
1758533
3630681
2467626
1407694
3477109
243663
2048539
3621656
3280574
1585817
2355426
805756
3723738
212116
1082026
649678
1545097
1032689
1875385
2505722
3014608
2018623
3351771
3337739
1820275
3278002
211182
3772585
2015243
37876
2548510
741740
1270528
595237
2414519
2884123
3919259
2137438
2606644
3381748
206077
2091233
418916
1827748
2174338
2949649
1007351
2084734
3868266
3497051
2673966
1393714
2329702
3776348
3544542
2688584
2414901
2170521
2618299
1249941
2445273
3871901
1666994
2036191
2358309
2208228
2134959
3511471
3945915
2964568
3471294
2649532
1171833
2090930
3509852
3931202
491860
696011
2392603
2865309
3495989
205688
1227692
3828090
110805
25450
2460587
1877929
1046455
3813059
971975
595915
97509
945852
2222465
3426532
2833578
679782
437570
2197393
1460436
3361493
1114439
2186839
749652
2074698
1580661
1712618
3778943
1991502
741363
1728750
2945524
2451910
1767343
3207569
1264415
1639074
289073
890359
3934276
1994922
2191889
2093286
1855635
927209
1368232
2970279
1515203
1069131
2018967
1789182
3589028
3328027
3364144
3120339
3648869
3255848
1249282
3537701
3720352
881071
1128865
533607
1575824
3451063
869057
3220825
475557
805955
3348416
3582091
2615904
304537
1103442
3181880
3655144
622960
1487441
1056607
678447
2883458
1003432
2452348
3216227
112138
543015
3572006
479321
224164
1644981
1177694
801392
2065234
2959188
3617406
2858701
3222117
3095707
2373793
1455492
936183
1180426
1260613
2969902
51960
2532896
537336
877069
3032861
1117553
2917200
3068128
2461168
2160125
3607248
1203059
2454632
805183
930211
200316
1644451
2719942
3829322
127659
3131336
1760252
2420308
2343668
1651070
2777401
3194276
603484
1046430
604476
749593
2608650
1496073
1385064
2901075
15763
3821206
2470409
2666098
485301
898196
3829983
3839206
911620
1268618
2953225
1154771
577247
1892522
3429187
2993872
1220312
1351311
2126603
2244239
3513492
1518470
3445343
3552222
2669549
3843287
2706150
2740637
1098725
1708050
3823552
1671204
3879346
2471603
543452
3070027
1894418
3294888
1352306
899561
2894388
1100948
1938590
2791285
2189545
1610319
2422434
1468049
72556
1886022
533095
2710668
3741598
3458391
2072579
982635
2797548
543520
3557023
5094
2594318
1940311
182728
2535347
1838671
3820975
1613143
146440
2128764
2155785
3416466
3719132
3709117
3007064
2326252
3035393
2753410
997648
2248711
686806
3321879
3255667
1752145
157737
2985761
2094780
1949104
2741920
1656918
2775010
2631361
1614955
3790486
263321
1636830
3290747
1640790
1293954
2870737
2744069
2815155
3634090
1091234
486527
555230
1101575
1928916
290428
3301577
1145060
1883862
2712028
849819
1468747
2600623
333868
524932
1892468
713412
206034
3653822
2679168
3192338
1807723
907009
1385466
1680964
484912
406118
1799965
1439141
3458446
3824276
3830728
2123634
2092645
446352
315221
269266
3560335
479612
2680184
1682053
725904
2926386
966781
238849
1192839
1621719
398596
3426787
1339009
136043
3336242
1723854
885210
1902201
343245
2151707
64508
54759
3046756
3392742
1849614
367096
2562113
3056139
597870
774362
152174
3583413
3377358
3995176
3758881
91190
2252605
2624267
750341
2017432
1536212
2778087
269821
3207886
3623927
2023146
1502950
1670221
1244261
2812696
561874
3773204
1464803
3944810
3024170
1607180
493390
2570793
3640830
943077
2181748
768077
1799876
1913680
3451963
2935648
559175
2900908
3826561
1508664
1229827
2732538
690536
1074308
3562276
3911557
391679
1022131
1863146
3773700
2414417
436472
2767378
1676056
1093992
260884
1912565
1010892
2190235
505679
1156398
2164118
2489284
1675220
1859573
3430283
2809899
2532259
3185514
2559629
1152896
1351981
1230180
1623202
544974
3562206
2277060
939421
1139355
423131
3906575
182557
1086622
1130018
3514495
1883043
3416351
1583123
2015419
1524290
2026321
1362467
1222659
3546678
909465
3648584
3343709
2552778
3020710
2833824
2645992
2884148
1642160
3954387
2674415
1469700
1599528
1861909
2394902
2314728
3662738
1542690
2072810
2458138
3882711
1969947
96069
3930847
2355184
2976877
816736
2562459
1312073
3779950
1737357
3206544
3571870
3940672
2938197
1624841
1520919
2982966
1408763
1148354
950322
2592685
1219634
3794866
1218315
1151155
3487106
2311635
1690617
3613902
1552563
3071853
1246690
1416560
2234294
3811897
761123
834080
3902663
2168559
2296678
831441
95629
3869901
2190701
519120
3006946
3386513
2246617
3681818
2463843
3434515
2114039
654082
1996987
3598704
486931
649610
2383984
1083808
2710818
2137993
936209
1838132
1495707
3085217
2670442
174064
3141577
3423918
2250446
789531
3709619
2666252
1482428
1484736
2068895
1780908
3733390
2378771
234328
2846040
3191059
619863
3225410
1718767
2819705
3166655
2013506
2524815
497626
3255965
2164459
1903749
14398
2655833
3169100
1493133
785474
3901637
3011815
562037
2000373
2779612
2217105
3451600
1121352
686109
170150
461479
1657392
1473946
3773458
893726
1447781
1509225
236512
2259660
1175808
1023795
528092
408353
2518085
3662413
370296
3654687
674965
3131985
3098461
1825336
521201
294053
2108252
226824
624847
684381
3808779
2482000
111578
3053842
2050491
3042997
3164733
937485
3745543
1774632
353493
3728971
2511497
2130296
2954655
3343804
2387832
3842583
3288737
3846310
1584371
862119
1695982
1118333
2571654
3781840
1123604
1226716
1423338
3928108
2864160
1363849
559881
3928942
1066595
2679928
3836117
3196118
835520
1888099
3164949
533106
63316
411292
3623672
2983367
1100359
3884152
3619529
647351
2870747
696260
325125
3115213
3734186
2440394
2274158
3739023
3354952
3905182
971730
678069
819973
3979832
335466
153201
3578848
1936901
2227118
3354048
840496
1043104
223215
1268139
2487534
2614621
1377269
1752659
627745
2485681
3454961
2741121
418566
3569217
3804962
3510016
3761400
3789536
422764
988374
3284028
3058239
1837654
3577390
2278426
285153
2033891
3124876
2447738
3461795
259530
3480695
423521
2208659
1672515
950087
1959788
3457184
3419187
455307
1178484
769005
744226
765046
3943644
1114902
656590
3231850
3012849
1325245
1217092
3232853
1087565
1342974
1605021
393642
2845017
2365781
3958488
2587354
1030472
3652081
353216
914815
341009
516666
3129284
1944328
2697130
2898873
543704
2297707
3068845
3774374
632107
1708535
454474
2853148
2012597
1851362
911051
193270
601945
3796121
2761774
1530704
2958374
3415759
3836743
3546064
2893221
367734
2273990
909990
3502471
536620
1296075
2791831
3448679
3747274
1578488
740445
3869704
3429012
3722948
600128
2676586
3170872
3265161
3253204
3687805
1301356
1128306
2782058
2375686
3367028
3152870
3317023
804857
3540417
2054375
3291117
1673649
2654303
518093
425777
501657
1378804
1411106
936607
3643793
1625077
768343
194355
3207772
1051092
1252219
1106146
2549936
673790
1573591
3104718
1768485
200815
3245987
2423474
922669
3568342
2543429
3774582
2542535
2318736
3575916
2347651
220182
1480717
1992248
677276
2973845
2355615
2182175
3342985
3709246
1806103
416586
1883268
1329121
2564789
3893806
1780469
3569886
3170407
2259553
2097985
1771411
795140
794092
1614023
2660099
2105973
89962
1259464
1885185
1824576
3161209
54660
3286904
3554257
3641866
253063
938478
828737
1630923
3473941
1902106
2557356
1937500
164175
3702276
2246933
953134
1047054
3654662
3166171
921437
3695178
511643
1808275
1033619
3717360
517762
3345692
1320130
34784
1620938
3711325
3797721
1361888
136586
1212367
569273
4341
3157142
858822
781866
1385750
744615
3344603
17439
3783154
1153207
292698
2399160
2410635
3315469
890351
726279
2564986
1981118
3025681
1470485
653297
1827020
3242628
1222087
69119
807942
1336054
9523
533487
3760965
3632400
2581191
3708816
246460
2169035
2931429
3042187
581779
167723
850889
671805
3742122
2286259
2607450
3373521
1998829
2767476
2681711
625967
3385286
792014
3720795
2503723
737052
579344
165565
2620929
3355423
3267446
2978765
2236199
3915254
1342533
700073
2981648
697341
1900260
3684844
653901
22016
2096285
2773564
3688529
1085129
884744
3140236
2314929
873838
1387666
1722881
3953872
3578808
2184720
935026
3614927
1948024
2424390
1452785
1388463
1347588
3279001
1172471
2945631
2906634
1950086
1016296
2269387
3321562
347422
1996274
2538454
823918
209678
718323
1471256
3852471
2641285
