198872
281178
705603
319975
387011
407234
93431
283721
548314
710421
265596
110297
633321
606285
188677
700891
79655
418612
640437
206990
80663
992186
658745
101957
206915
444968
33289
851482
396427
530163
993157
561243
797650
724352
214367
293736
150042
898101
391045
974495
638624
697841
548971
92802
701549
417337
193485
559872
382154
414459
17684
711302
430582
600083
125919
507335
370812
818408
413601
524540
802415
675167
151426
460200
873449
257025
368792
820322
160204
777324
496264
637569
213796
605280
331093
530332
307106
7691
706444
780195
566233
305593
837334
555436
461938
22796
875036
267531
982236
798003
840914
95137
857044
804232
139511
980214
21457
399315
992975
96550
718714
902981
601426
788281
503132
373129
463072
752803
627487
387462
989208
41237
938569
901816
286573
20339
145736
617222
893498
519482
522111
355563
24751
902705
444300
27297
314497
540472
556870
22753
732694
502356
242379
955690
215560
216342
170432
247990
787245
385951
915131
318152
22654
980844
954617
942172
8493
279020
534824
320113
210502
511109
992676
577577
1935
233126
221309
251260
988112
540245
389756
460311
316494
947264
165428
847349
641885
880179
412988
54700
984563
210462
891566
915645
996462
464269
34014
39758
314460
192940
988803
557093
264218
856987
645027
637853
569682
289570
876969
313103
514135
199151
936308
574590
861843
217676
476522
146890
333275
927688
379059
696943
731618
83594
396309
550870
244719
534706
993455
637034
589677
372163
626610
14520
532374
678238
726191
147293
605235
245868
788230
651397
139612
430812
434124
606685
766890
936357
594528
780176
171363
567968
88799
74320
727663
754594
919342
480924
423329
168949
883888
792680
671648
835985
404781
602213
934535
684633
675379
212009
277508
288823
64775
415482
55718
162345
287968
492126
78405
613608
826853
60011
23244
604588
704660
499549
781828
942265
42548
583413
150767
420129
989982
688562
735111
965584
260130
221874
919827
546998
431908
606454
418418
209764
649042
107736
739083
298856
127596
392539
339807
191696
56529
783317
487863
379667
605058
678165
829882
138986
684457
446027
268772
670314
477935
674218
453096
472723
789645
304893
569920
236821
876796
343380
772598
963653
680149
486100
790908
755866
101230
667091
697417
266934
900340
78812
519246
598915
518298
628402
23512
568437
189104
475411
421734
590293
551430
55459
2915
457872
556310
82038
700010
801688
643933
898540
743879
544190
799509
591261
843103
220275
108946
95431
973798
181207
112997
330871
638666
983849
429579
13938
752870
561741
604155
669418
566611
900048
106794
98064
457628
683137
254672
488786
358153
451695
795661
691052
638157
457814
327060
784088
466036
393840
332720
241891
715540
223373
838297
477090
225266
878046
828491
202932
316521
911457
995758
687725
938080
877634
515167
777172
987162
487298
389584
872391
914585
325396
868635
160505
224542
612132
292919
126281
580469
573821
559267
454779
811190
861312
641692
268044
529216
143132
680354
841352
966808
106710
957989
276889
550508
2544
561357
21444
891746
820302
717326
750956
390502
820659
476425
691766
548740
594160
393049
635812
284443
452270
357535
664486
882541
854984
610464
247878
769429
802129
22336
301495
718306
29711
769645
158780
406400
421028
161041
235877
950192
811988
824875
900746
870820
927514
715399
985532
485164
174449
127272
557216
321102
85109
845853
768497
788258
132248
342623
731634
760007
217983
551340
489077
262656
100379
312217
911018
919628
198815
754362
104243
185209
517617
845446
677238
859996
124217
384322
511914
364813
724033
343628
151716
121963
48160
973291
72477
926204
437354
464674
846196
585344
573112
353915
242761
253133
299613
458380
74989
981300
239248
793517
890978
826066
308415
335187
153036
26662
161760
575577
627237
22770
755078
43986
135289
536751
841235
890005
391247
956926
279194
649227
801874
961786
903431
942702
804441
583966
58958
171271
173260
850162
858097
677147
872594
136383
826696
839703
71970
769951
432881
44013
900126
64755
261713
418162
634523
23177
247915
503327
233765
821375
325997
151288
566494
42524
835699
65173
36995
107158
154422
792929
404289
797164
927571
901436
915552
317183
155
100944
704292
867401
930159
929978
347507
295952
666884
173168
25251
731405
188719
985216
14828
104447
606960
848783
685614
748355
368124
543080
914884
908451
763595
20960
792162
319004
684267
457840
245655
435795
221923
329791
468167
499163
860532
752630
416249
760577
550650
795187
893187
510020
360720
16116
908653
776069
42409
92929
379845
90377
952770
356519
97053
553801
30831
661477
377148
469303
342947
624878
145620
223771
849434
386913
352787
682080
717170
970882
742353
991310
915767
923426
720057
466264
747242
467555
26147
539913
293724
361000
473017
657914
454411
772214
447992
818957
405293
597859
716566
453500
822327
740020
22791
703718
324974
99740
365007
719127
443018
563901
10860
878229
655373
614838
785612
15979
64590
787051
713074
251300
842238
119974
881065
281991
615362
973976
309799
982112
140634
933120
922994
41661
349099
209347
782550
644673
178899
267423
617199
572296
238061
610427
464332
269790
371584
128495
62338
990066
508393
866068
529723
513751
282339
502348
523494
569652
301944
398068
386634
758837
449407
184674
396435
626428
947342
390147
810300
94338
919746
605725
668797
579631
920468
578509
734266
776701
461450
572173
178595
977611
949394
81982
432104
48623
147949
163499
257713
259751
102897
998117
20672
626780
759763
328746
208048
362582
903036
263446
151264
146288
487215
479364
210989
132650
670242
515406
695133
147276
336031
448786
184319
602648
309645
719715
809306
887247
831089
25492
416465
82253
575310
877276
466875
76488
795644
571324
393614
210706
336190
337139
306596
828603
150203
754050
75320
64215
156441
889985
407857
258006
493831
662246
224989
968200
508750
793432
370200
233789
756919
220454
411546
178869
657084
328711
392616
874969
967680
795429
32327
60420
957382
188999
224970
961439
505005
803857
237789
76524
608560
170189
128121
254720
994343
183810
447790
181621
549561
575417
714418
285977
861418
797700
354573
231856
8809
203259
702246
909753
824896
510015
875924
797413
484939
435932
378772
781846
554487
725509
379285
196682
67746
54132
990421
268715
464788
16445
958763
474963
836944
931155
25647
111091
835840
847801
568181
714348
888767
712586
231464
93973
307009
684632
417287
16927
22076
951161
465897
800519
880200
996393
399069
710585
103069
666537
341234
715638
264485
69557
496403
292289
731944
944432
92665
710533
797672
463032
230621
456109
191229
966877
393001
404550
224290
401383
760211
39951
313777
114066
904962
131364
397130
124816
511016
869258
901951
774702
726275
249403
198951
462369
614123
302144
351466
578090
367696
891440
327013
22504
42974
523639
803020
940016
624872
590223
9117
764172
71959
959273
322375
861766
472504
308801
214043
752359
333119
635903
510753
591963
493908
751418
459849
908719
502662
924688
934592
56396
317580
895131
301030
814002
415728
480267
709162
