57318655
50567653
33763539
62242755
17543434
46718384
59747248
30671701
32688856
6472803
25873856
4220258
17791621
41234042
53914673
30750167
2620168
29649619
33159709
37436239
35854632
56615035
35900219
23230797
59773324
40254240
26852280
43378439
48836184
42572092
35036904
30472558
30518137
59533722
59700428
22233624
2409155
55939107
28808297
5865331
6629690
52862613
37544520
33793676
55934227
13599895
38171708
59045616
59006342
26881753
11429360
56990075
22266138
44777727
27910016
14934413
8401100
60938455
48832999
34656488
1544008
20054810
46823586
12101511
49970907
11638150
17328319
51049860
16301087
41918945
36419645
37296117
55190946
13312256
27126171
61333556
22397712
30839713
1034274
8804005
58091343
10132884
50114572
38350049
1811134
62827007
14118697
2166901
52214955
41861180
27948905
4641597
4242756
56088880
7140248
5686178
28654986
58198633
39231386
24730221
4612747
1316410
18086643
5837381
63219606
16884726
1962414
45769650
40351774
942597
32555987
56909746
16419559
42474344
63176187
21087917
25459806
57081721
42670203
51226682
61041044
20221437
39959750
37863016
48427475
30206712
5138055
61126025
29591786
36379600
33562513
17337293
31639402
37086610
12889051
17075377
61345351
17409321
33470637
41803917
30180829
14220532
56592833
22764785
39040433
27114523
39435042
49831336
22759049
22722481
57608435
59536119
19403032
3041308
57375578
21887398
26294388
17512224
13508470
43905105
22854703
29609111
13192934
49808158
60802701
35619032
20708514
3605698
8391332
39937467
49172397
56971020
42250974
44621321
3553553
24286447
51239031
53208524
56410698
25542248
14593459
28306009
63586295
61046219
36459180
11657886
36414569
45320540
21027373
12440988
15741718
23189502
49304418
10047042
35910352
58642274
34837532
54078880
499905
16174309
2661899
54973937
14149126
61657471
18811081
53368916
61443794
5103811
62702618
44464481
44858979
45553659
43277430
36100669
22100178
10415319
7772284
14889624
2674631
55743638
40415012
63924431
19723882
50511134
11731098
39962271
6198505
8957004
16833270
24449547
13234094
42189458
20613983
30882598
9051654
58440068
29180562
48020471
56394217
40702260
18754060
45276647
30059877
29716139
24568973
31412781
18462065
45370654
28404330
15015263
13078344
27636996
50900027
35400348
21357936
6261868
40463035
53639542
57181675
53430260
29573153
27181743
41908571
13164228
28850960
60214579
21881601
3534035
34096376
7874439
37117577
11570643
22800929
60668747
9480369
43691017
3308653
14916651
7154556
57955305
60766234
26826575
14971219
36157969
19919696
566848
54444829
62230276
53991664
10840777
16110379
39248182
56006393
9289288
14926640
11292791
11045810
22670679
35932355
62422757
26337260
8249416
57508715
28441369
53783977
17645970
54133261
18339417
48431201
60632406
20557564
16354024
3104245
37347522
8446676
3098704
63563505
28410809
33621873
14973438
9805770
56115693
17553336
26394596
33515685
53256246
33635848
14052010
20354311
51370403
4699286
17023895
7050822
60117531
50090841
3412467
28421816
33933285
6247849
33303266
15311226
24497177
51377000
44581442
46005548
48030011
37056966
1039675
1418304
2112287
29820440
29992996
36299182
11142866
55231434
52173530
59442978
54789969
5936146
25776289
54306036
38596330
62754914
22983578
12416830
16698788
23965489
49617506
11188500
40931919
16063309
35958263
1529059
14092349
3860245
53379099
26018263
32115732
41371959
19305027
58413287
41851661
62745140
33219736
12398851
40823617
25923969
35195068
6505482
11926696
1689625
34909941
16628100
34598706
63502637
31321776
35678075
49985462
23292056
14373997
27309357
59112284
51786702
30894471
46495758
22204624
43145373
16426565
16218171
49326581
36399773
9664274
60404005
56262579
33398178
828876
24358834
38585745
16885882
17150149
52323434
25921641
51225297
56437822
18201130
46687310
12324945
37002667
47446734
15613033
50100839
22913500
30638158
830965
55633970
48232507
33316033
47594143
42283426
16261701
47014039
31807253
63119796
19103235
19738024
31032801
13943194
22627821
1989084
11669338
14905346
60273443
21691371
2667859
21106945
34117420
48921146
6694377
48493250
13722142
14244261
42103404
43478710
60350418
16027425
49273661
56557287
16911478
41314500
57197788
43002343
48816376
34601234
20013559
223377
59921394
49146815
21434262
16775830
57942023
51758008
17677631
35254071
8000925
23895967
55211283
42062361
12071034
7134543
26940110
39941420
16329300
57575041
15472819
59579457
28416130
40069478
21342559
460026
19283850
40174670
9203383
54923114
44808548
1232214
25478428
33063947
10226704
55374150
50887186
53663276
14241117
34362314
11243323
50629278
36092645
6603311
17818178
36646821
60080157
4230497
57807570
2342247
48163998
44962342
15819140
48923081
54461869
28093986
35890368
54853364
4898621
56118067
47595421
1420799
29775960
51914966
36145247
34073610
55203833
54460869
60543018
39097146
38019765
21144100
41636252
40143545
7383055
12607011
44720633
10985487
37222684
15511036
45790583
15649728
49032045
59710518
10549045
55961136
48284409
56742754
37344990
31886892
48614112
23721721
53451074
44099963
62894430
11136427
45192217
32778423
10911967
42597868
63888916
25675575
55381105
14511142
36559207
2451483
59632311
50309572
58772216
54057949
50676066
17086958
31692963
32504834
38787217
54421022
34812137
53297732
53206199
52203681
38497623
11392183
31444542
17777734
47301857
3594167
21613835
47495974
16739885
7838104
29039083
58820517
57786885
16186461
62118928
3948945
55885105
56426605
46412960
52324967
63368635
34972015
27847129
29620399
16613079
7419451
3784536
62339910
43105541
57665682
45516598
55545610
61708807
61957671
52041767
4992495
43350369
7625731
39567453
17366086
45540793
58738147
61065848
3438607
20684443
5666494
46537384
2700260
10909012
8827406
45776580
31433106
18263844
38765919
48313242
15241139
3296236
54079645
27322909
29896826
38344929
4980736
21828145
2789163
11649364
21994351
50278359
31127619
10340106
947223
20757310
1621836
20138927
10065056
50385918
40632013
5110066
54341955
32963059
62458442
1706435
12342926
19145269
46073441
51796478
46319825
17068951
36614082
12934595
10573746
45572435
19833682
26737140
59416950
2541482
51620999
8355569
55582041
37379106
29958570
24082319
19719640
1085188
56396016
55417444
38633218
33961329
21271279
47082386
13699684
8913631
18590546
21838506
29258981
62393114
56866119
13404989
9821467
36620036
61948458
53956610
21580713
10927850
32108846
39810934
31871361
56463373
2525367
3341192
61701045
19040116
27605825
20852759
35266201
3885614
5590731
12366221
25900528
47554281
24867012
49787987
36054341
123612
12308439
7060424
52025550
43716106
42412636
51385429
37782177
16124777
50677949
20836325
21164976
32910363
63528297
53920314
45510792
30064045
4561941
56036095
54264450
3799438
63216994
13324792
40663799
10165667
9158733
36970414
22169238
2418098
6744345
60444470
13332279
2622493
58381860
31939235
47257130
46631536
22793285
46490157
49746747
20050529
50595263
51086967
54940663
63300809
3046170
59623425
33887363
56667969
189403
30465003
40250983
61948275
11014622
13896301
50555036
57627617
24863322
43760029
63247340
57858726
56785285
39664319
7084729
47169629
22846139
36692514
50212697
5578451
54756469
34874290
36993078
51178987
48746341
38453193
41273241
17594241
25657785
13036875
20715176
26731681
35252978
13073302
53890629
3316965
54885259
48677829
27299414
38842632
19773256
31488939
45371788
27410625
61161558
60818023
21162019
60095761
29898874
15688505
49855613
765796
31269313
24436009
56991500
63723796
55034970
40043261
30637385
54476570
21256129
1824978
41989240
55778237
60693656
12270905
49290098
50224864
26996440
35180411
586031
20970127
63285245
22131617
35604429
17644125
36136622
53226044
19351257
9417899
59057107
24460437
724843
56082333
54417963
4548492
40845539
1708639
9679274
62117826
57217824
34087538
36173062
11604477
4503612
30846482
36792710
8854611
62377384
55092299
29290448
27172171
15780021
9366006
5140874
21181948
57587761
10287284
30352655
23485842
20801775
57004679
11301896
41039710
52228108
23588120
45014064
16560684
11939855
26304464
36512244
35884094
41142361
1745085
30484702
12239527
20522176
41102476
16722751
22010325
14307859
29606788
48057880
27855810
19200689
9646015
40978250
44348641
56988687
3233377
58540009
23945759
57153077
13815932
42061698
51544566
59516200
44048102
21189825
48453775
1839653
51699145
53637062
3798336
10162874
61727899
11599975
88642
62848932
24062754
34470891
35195773
62299940
58441090
62883816
766596
1135637
62140995
47565759
29625056
25760746
53997312
50949734
10664172
4504880
51187325
59322299
9361210
15006844
1649381
51002378
51529488
27296109
15831139
43547426
1801114
46369687
46487724
27002024
59804713
4833023
4476102
61932218
10905162
23269474
15260826
62864797
42673084
41912594
61795630
50033800
44256461
47068414
38468638
12670180
46582058
23720626
24136479
49854953
33696695
37438295
23983305
8662954
49275407
22548224
29542580
47002330
58896852
13343632
43090394
25249749
21075720
28795746
7622390
63753838
31160082
56368940
50390473
58666424
950304
4718844
38854782
59958413
4250004
3113738
56239131
25337387
24083677
8928854
14898462
35419263
45867592
26591149
14989227
42704348
54994376
52074099
38852408
10758889
38720177
28953901
38698148
50374442
40444022
26094916
57507571
4357019
48551997
62698423
58822488
25791125
62588684
47456957
42418962
11239827
15378300
57320093
6533635
33907702
1166590
39138158
53523841
54076819
17180639
55328696
54750232
45760912
51238014
7574044
62478302
34497917
35831639
55166733
59561645
54771309
48593516
6786212
42341683
33283574
17630245
58128960
32085351
33376987
30166854
29778317
60591119
24258382
48019030
58730386
32460421
55160203
34598521
12799149
5037861
51334789
22755226
20945017
10783968
12912248
23982302
21342708
33319745
40301087
48422564
3820085
42293693
46211122
21654427
8246553
51236204
32932265
21169872
22357364
2757464
33611237
18700811
36028504
58920559
60186965
10533904
41102809
15811504
54168114
47626950
41784789
53758834
11362447
29694805
4637844
48050525
26283854
17219444
55375888
7499068
24083583
16426696
2843034
9682467
10417859
61381653
58249392
61799155
24700946
20555161
33887878
26308892
41488395
36789117
62379607
55123065
44300727
7091100
7513066
54313323
7170964
11971768
48386000
32609295
53266967
11679856
37572623
38093890
59977373
46492342
50584327
42676492
11012687
57151278
29871665
2575835
10003297
21592733
37831812
26751475
33027464
10362238
62770809
36975064
37115875
63224208
45345178
7320839
40009739
20868202
38878223
47894661
15556055
38247483
21296579
10112301
41921395
12133323
23324267
61103248
16614758
59000008
14661904
25541388
43971935
1457378
51687083
14060952
15990938
9977013
21187440
52802566
3991071
3762570
14480532
25097492
55705610
18937606
20704356
26738871
26774558
41082640
47313268
9627221
27963994
11996026
49398893
58257492
50830534
53770451
26848194
42079659
30618314
8201148
22743896
12675082
6139350
34832478
14472317
15192859
12400914
32851586
61408345
20458092
57832118
54361989
60313382
22542524
2739073
10619843
6334920
15850889
46620954
16276287
31774327
25995991
3899587
33855808
4022667
41808438
15490700
59646591
42466091
23244786
37356625
40652377
51523757
44567008
31176325
48773742
12888702
2847479
52923445
48266245
38628570
52259453
48848214
62018287
17213162
34791154
25329372
17271744
54389682
419471
53084041
43514179
24143715
62552360
62664017
1885978
21161214
35545936
43591924
44678857
56986207
30765957
63065838
40061134
37225975
3625403
13042144
6471773
29701600
18664816
62503121
5259819
1904240
57726345
30912182
32909368
18133220
18220532
2136591
56520339
60491169
22793635
2980557
28469747
37884805
24299297
41196698
43400940
34759639
11203322
6662434
22418639
26924065
34192417
6602198
2771227
25769883
43774662
40359945
11378474
2368072
49499517
4874023
26815352
2685091
36950936
40582460
52621714
35976666
52540935
34329708
34812936
20263011
18000612
58529961
34031846
32022154
19814808
23399371
4700502
9325546
47148740
45872700
28324771
18638492
45440868
44316245
23465420
50280348
12414896
30244063
37746901
7600620
42473549
56752295
15323246
13037735
25986079
34189102
32339364
31234181
48661139
40719095
42733800
14346713
51731773
6887615
50754818
1313498
25366623
30624303
32956709
8029591
26482108
30789564
36268434
13281232
862753
14483538
22480110
9848036
15558435
40979348
30392563
44339981
34816160
24934975
53896887
11128210
27092055
51064789
49206886
9519749
44317149
55659183
33439951
46638091
12039844
32849740
11112524
55178690
29225116
54550816
62046851
48043345
42071483
2116160
13737580
60776923
56633334
37301548
36508117
42445650
47814649
51524624
25087107
24111097
36436598
48672597
48495641
19971104
38567042
25960237
2117647
36343691
59182572
25570935
51180837
27365297
913082
57659603
25031883
45048532
18345222
26366987
54842036
9199611
35462147
28694031
13333013
43474192
44653691
33514784
8419517
44146716
43410255
14377114
34430359
30881133
34137497
373686
44912299
1391335
16885670
62689667
2379739
51917798
2298307
7417934
985456
13250015
41171994
14788777
34390256
30753489
30891896
18879633
35075960
39486666
16834563
2921527
14236464
28376928
26167071
26889898
15535683
6617267
34655701
11570015
50799389
17165630
61349959
29058793
37064649
49882262
19401847
4080573
46663067
11741961
55287720
15155173
39527982
56018289
19601286
36833366
51632504
42455145
26238713
10694479
39580781
60480780
33395357
31570751
28583442
60231757
17476904
20242789
55795637
27304753
3781751
59813672
4875822
40877153
58096952
30975120
29824964
9589517
16389465
13584291
19734316
44129888
11542078
40977517
42486201
37972394
42864662
23671532
47697299
9853662
9215409
56502281
27673238
35711446
38536259
7250598
40840003
28898014
18894177
38538266
45876789
10029060
20655369
58270446
20285382
60151750
54237543
54752068
28069274
1867499
21760564
13013447
2327157
2570197
48073000
47384370
49075062
34490193
22714547
59328838
1378020
23612097
49583140
26411480
62472853
63927631
14693866
47400859
51251064
42608777
61499730
12556887
37716432
43312572
50499895
35339486
48367260
26342729
44164712
63985912
25884881
23085806
47435299
13727499
44768472
56999464
10321353
53223277
20196057
47910840
25889233
55388698
12866992
31953062
26608477
47492548
18185419
32639718
52738372
3557994
22558680
30438585
20185312
28702085
19527763
29604756
40407960
38143960
20644858
31257547
28506747
17101816
28013237
59970690
32501622
15400858
63955906
54848972
21347397
40472428
24574368
54457291
30458116
21093860
55463139
866584
43072492
3894049
48907347
34337049
48963299
41716450
40964503
46071555
2080875
42117668
41572448
470705
26218653
24760988
18077957
32924413
11522834
52566031
60352435
63458696
10912678
59488650
32985514
15040652
13751408
56906582
5380899
60322932
55449805
20131751
22435868
29716559
13530452
27105914
119460
62620614
38287785
17365356
62651276
57149072
57057567
38340689
24262011
3329637
47285972
13144331
13774104
9078331
43424994
51015233
31060142
35926689
14270219
59350115
40946510
9173067
7723143
43963839
18944756
29162730
15605352
7307467
32362799
44798673
47508536
40995037
53966817
57561146
57354030
31201076
18711410
61224728
37028810
59636513
5612249
2353369
9749029
20584089
36076787
13719773
11500291
23555524
46069623
46610511
34482116
22654127
25730051
1698109
27900367
43998670
57034024
32719432
2233731
181991
10141627
59424064
9891360
29394602
19241061
43071929
58512890
26603957
6493656
1972135
830238
44997627
3440039
49886670
15684164
61642189
37126136
18653423
28772682
31198284
32166816
42502238
12149671
55963088
37753759
63016988
11782235
42223917
10137420
9449537
2360339
46327486
50652032
16586253
15171969
40240685
20709656
46480012
13099749
5445958
2780024
42242383
1045590
31023388
33785919
29022189
32513944
61030439
37355773
20581759
61630949
9160654
21443545
39205030
4847114
29158774
34790915
38870027
61878575
52785221
48927829
26502827
13969830
26056600
34854070
45447865
5275798
61891857
60898003
50353263
35181440
12261493
61632206
50146344
15212079
37965193
3378792
39804423
49971439
43917852
56406573
35413279
50666093
54826151
22806472
7477717
50049214
34891078
5425610
30645457
40418360
36665290
50901859
49293
37945153
58273333
54111752
52479827
24697435
58457852
43055760
12516695
47780670
37348801
9241600
21810514
3977817
61054234
45404358
1491484
25068945
49598158
17186841
36019373
63677089
47780668
63015491
36778292
61635320
6557647
61180137
34268221
1546001
47961415
27647585
31821860
46118825
4539780
16175953
60187065
40282382
3274568
42120317
20813702
29016002
21892383
24957078
26014441
11869618
35983858
42963209
4566538
19838142
62611276
51133597
36712205
10366383
10292330
8279821
54545081
6750207
15432398
40310416
44845010
34260980
11827583
1656082
15101896
55389276
4497676
24976392
11487372
55466931
6818433
19736614
38723385
30831990
47857797
2731399
40959851
36332855
47881647
16160724
56718976
7885046
39035757
18103271
22474998
58877570
10415961
26572995
736655
62519374
54854862
10416195
20308059
59167843
10998730
30450153
45301649
20629152
40021839
29064750
50209758
61918387
27548576
4571704
17000669
5795321
13787219
20103016
47218099
18642825
3976640
38571950
4644663
59246228
20351487
97019
42848887
29968809
24486736
3365416
42041299
27068003
8492285
24324828
47022010
18194556
47054214
45331259
12253976
62626733
29973298
12332200
27170809
40118047
18105638
18551962
12065716
3611804
25008310
60064436
26845395
7645118
35033841
62330874
46793521
63192348
23295891
41020225
8841855
11950525
57428442
57291670
13906151
61448126
13361539
53341850
38662775
56149419
24699510
17066074
32913766
43634678
31568647
47435940
7769285
42790075
13338263
46166180
41087329
59594847
25334570
6408737
32631952
22092614
13767947
9742174
15191822
1097142
42739085
16136515
51147811
27299370
42384366
61052548
25805597
17342606
20896509
10659726
63202641
23504075
22256664
5970943
22144973
6750015
31377336
27451766
10356809
61484554
46682991
11737601
47353337
35811921
56938985
46216554
54506903
61694329
23842663
45055019
24437709
40981752
6501036
542756
40538777
19949521
44695957
31453311
12470335
713846
60621583
51105127
63638792
58910302
13863753
19146848
45617422
39982640
8540620
24224774
18147030
57346653
53641456
11199159
62881193
22949908
49376339
44658732
20450559
52822549
33879219
3490319
49693717
18360311
55172911
47406802
59829056
8629364
9650067
4288769
57121045
25533297
33743348
56617445
18778385
38039962
15992661
54302701
40352271
39709800
19691499
42523017
59362568
14195978
57612076
3916649
45393259
35860455
47133398
23195365
57034495
37039235
26691473
26367405
25385968
23043319
17986446
42932361
40888078
9941940
49341403
32602774
63399028
11049940
30672066
17620318
4260159
39587060
10219403
17297449
50018941
5555476
12065642
63684896
12566496
18048477
57653114
17668842
61484950
49403411
45787610
23709686
11033182
40624621
776069
49225817
46505732
13259776
15107488
63247419
3808454
3416420
56288809
44471606
30396069
40847553
49624482
30511823
16189800
41211196
58349506
42400875
10115330
40720531
22508840
13398890
59254448
40452480
9563794
42723954
6325107
1523751
24428328
31138747
25541693
2669421
58503331
8549918
17382802
415085
57028510
56897772
11834354
23423317
30043840
15255157
60116082
44013978
47590195
63032541
18674235
36823151
13348284
30903134
3099923
961018
16613947
36668332
43085398
46319608
38088742
45701048
55432553
41285849
62143231
23765456
38570870
6535484
28086493
5526231
3542265
57192343
34107292
13711095
61619077
60416562
26977007
36576378
25829089
7561197
12051789
49404234
60142614
33361408
25119885
50879355
17045941
30237348
23287036
42751252
6020620
8506389
22898967
21716280
26064785
22207508
5057664
52590931
41513596
19351180
6658052
23803578
21324543
47567326
53960238
39000338
23741699
41978014
62047868
58945575
2247141
5669181
53837343
19547440
13395832
14811325
58187556
46613036
46614064
33164318
39720487
56213102
45327460
57411403
54087634
51165627
14703288
41788575
12809267
34870472
10207596
40155059
24305946
30107184
26380014
25941801
40526345
15737938
45409752
20042936
21743116
41491874
14572503
53822552
29334156
34082716
21836998
52745806
57168262
60973304
26786187
29275415
17096411
38569073
48838151
42825626
56562322
9537684
31978257
6336254
46313612
57913886
59833032
20947087
54282873
14959594
2618991
61271470
58314843
51733877
41117454
21313675
56852259
16394494
4358066
34103322
13792859
28728226
48624019
11286634
39446774
8530978
62292497
4995164
54292051
38306833
49817440
21763543
5681490
55622484
62510057
14941981
32284488
12690316
52247841
12339305
40300383
27503062
62110582
55177874
38722151
36144196
59131462
32054278
36094097
6563467
17286642
33999003
48676698
39466843
43701396
28683057
17222046
3216491
27106782
15209175
43932845
51138953
3146896
59617000
49048451
22119149
18529255
48710832
5756597
3782381
27056585
41608272
5306006
22268842
35494042
9320399
26106724
22165967
3296416
38004011
18387868
263743
27911368
43518670
47277962
18507709
61515154
27636976
53405025
17473664
17437621
53771880
6314293
60508605
11489861
58152084
14121328
7364255
10397775
53520208
11507247
35395740
55173519
35876893
35580470
18841908
18520750
21831142
30340436
46812033
8927493
52291111
3069801
59123033
40528579
13749541
32025933
24454349
61227213
57891663
28304726
35382151
28591602
48396548
53793709
16298729
40216176
14865623
24277793
27657638
45809751
57169116
13243071
5401804
1644993
40670603
11217502
42009157
48933947
36673876
13486682
42797909
157603
42237692
55773446
29151740
47586129
49538974
4003435
27655150
40475118
33320665
3426453
27696608
17668159
62847277
8794330
9829250
28306268
44365990
9130825
38824805
33748033
670011
11080817
48543238
46598528
63107002
39657170
28420175
5892520
32144100
37627602
60072383
33501570
46454190
40764504
25095714
62399568
23583979
7964886
56781770
24439916
25652479
26255138
2703445
24340340
19709892
61133910
60897702
38552369
39402913
34508879
41626256
8300467
18273966
44953868
36364136
32668751
43646297
42217318
3949542
62099071
26094876
15111288
23167680
23168295
60380338
3701364
43509927
28841874
976671
55487658
40562686
40925182
26097993
36918403
50106069
15810467
37895008
51074039
61949157
61750068
21819944
57455286
21356319
34790887
50919496
25148653
19909591
29737943
17879030
40900247
17111485
63230045
20270221
12821481
18176750
50486422
3449332
25068944
42234284
3015813
33832557
62801410
53088674
2272672
52797491
61719771
52884662
13385265
26213783
37861588
51273854
14343470
25577534
15612312
50314560
61173066
13453382
57829314
54458738
62428288
25668671
53745517
23735177
19956506
56188117
52917343
59876336
9542942
34376823
5512773
48560755
745644
59084971
16744007
38544802
52535217
54671724
8233847
49409896
59942811
34903564
38522353
56722064
55721344
15218235
50806790
4428296
35745142
38723031
41196949
55982030
62714172
60916281
55535737
49694103
10447031
39381875
41088154
60485814
56414619
30003164
15912019
26395902
21288707
3793064
63776571
1723542
10683609
328936
13113292
25216901
199684
43962588
46677738
38206015
44750658
58003067
21383635
52035359
27516134
35068620
56788950
11450447
2468954
1671555
32768493
30504044
37088229
37834918
44173440
11898105
43267756
11516359
220850
21203833
23374791
13315082
7658053
15133045
45047947
8505000
17789360
41734246
13123839
10127505
57697372
50711244
8581940
36918205
52565937
26436657
62042354
40582107
20264470
50652635
47959476
32854681
41387460
28764383
37666432
37478067
29933499
19959516
32088640
19213218
3150805
35612315
10212984
16452016
50133594
32472490
21923395
63714254
25810382
39061417
22465683
29338640
53324088
9115981
19904948
18060228
42974918
4955737
2626872
10298296
43320478
20026030
26974194
26884143
50516065
1902103
29898965
25529596
22418918
7589503
4428665
55507936
28822815
16508926
30011562
52899672
6953164
15731417
40865476
52148035
1017492
36923625
51802845
22286493
53430856
41040799
4659632
2734306
29508484
57285049
57653845
56317012
45339
5214746
56990016
25472904
35005007
30447019
39607749
37064712
27186025
60587935
9904029
39775220
5451003
27222074
33712988
62338408
33756512
46460569
40358520
28208797
54468044
4355800
29343508
18387883
25492523
25173594
12665716
9740391
52194409
34672478
5371490
44178502
20422499
56609759
50189083
3363931
18722376
60078244
34211319
44649065
3464749
11020816
46682528
40627627
27234557
25722016
2173486
44273059
21861217
2343434
46822416
47031666
16455016
56779578
39057509
39823065
60994999
58359391
33209517
63644693
14799533
36468872
50258022
63819496
35131004
18996084
63848494
3548181
34642684
20753399
56372130
55223217
56493976
48694907
25097612
32409592
18468336
41915164
4107158
56779543
33261217
38220901
14648371
10713505
37656359
27801043
9515889
3148289
63866223
55354906
3983925
58367486
63145909
3726234
54486116
36431129
2893742
41600116
48271145
1533373
22632798
8861429
34386202
56373536
5801374
39064927
12352976
63892194
3739253
5828280
6276449
30821024
23011243
17150619
365269
55780343
51534841
19356530
9671919
42475491
19605961
59418084
30833887
58546500
4865360
28977795
55301632
2056207
45858775
21247638
52775837
42132972
60948472
55865489
2071066
10754966
8437534
22947619
9480225
21138292
40483912
26236916
43891740
26832705
40730885
48372298
49814180
59764467
36852120
5619961
14334937
19960206
32472627
61167755
58371909
16679379
59929890
44420097
35763479
611265
33013077
23019352
38641015
41350419
48406934
52598975
28406882
51621233
28029091
33505548
36637943
36259583
52865730
63529283
49538439
21328934
16099348
61292523
49362997
43363489
49920790
50441885
47009689
60027169
43996195
7905248
8069573
13241055
23622754
45900830
42180325
32204544
50901676
8533378
22069438
63947993
46962928
43731938
59186278
36188762
47292661
51261536
8366620
62965309
4087649
47731641
56365892
54504692
55190591
34627155
1688992
47539624
39418449
52994852
28238924
57021058
57344964
17054005
23052115
31614288
39063861
34930390
13981085
9579079
35465265
23831443
38004206
50964599
26775588
60737736
48167122
15867417
1013407
4257275
44664724
15700918
48576566
37452861
45788971
55877462
12869279
23094163
4540121
28675631
56617481
31883189
59239022
24378868
13830800
52701072
17285543
27610999
30677755
34104711
5364322
20009989
52253019
61125672
1471756
11241805
22435602
38397967
62707159
12300815
5433853
19522706
901537
53216860
46814184
31050678
52797159
51493726
17590302
19482230
29476528
58643523
3601822
25799085
11750641
55830213
48746119
33389393
46265947
12498350
41134803
55566120
19225651
55503599
56841275
45644822
34059096
35503150
39380171
62853261
23313682
46523470
63405183
12206504
36175569
44316874
60453535
63594192
15406795
18058699
19412704
39162095
9493256
25174300
8096557
24022447
35556451
44839904
44170119
4651948
1478478
28176874
9980726
56199837
44959526
46645900
27209813
26805016
14666256
46126713
53291831
25647541
22742422
27737939
52597852
37680303
60874155
39450338
47338868
52463360
60441604
13823554
21151232
58734707
14789535
11789480
53652514
41048578
8034735
44911789
20605370
22888404
62158850
58556369
41520371
51766502
6591910
16065109
2932403
25810407
17967907
34817099
45028960
2224471
47611247
42911541
34185238
32699932
29143828
31876819
40793991
2785315
13679371
51141648
27340625
1924146
45787067
32269349
36988450
53978040
25032280
47635942
59399771
13021188
41729483
19031218
16863915
15329941
5803233
53358978
62841280
23784522
31925185
50774485
62084901
10485852
58657280
15892889
54442489
22102433
46905490
35234785
22433388
49301270
30344783
46958732
41689042
22218518
16675178
59030149
27931027
6394272
36724346
23034003
21305440
19376511
29545339
43501217
24801007
57502690
22403079
51039960
16008140
23597152
57912331
35383631
41360444
3700969
20857830
18191484
63803007
54795513
42777689
54938501
25977948
19292189
8548975
28321129
7345311
53728574
14087146
23199382
40197510
24759883
29575464
4928582
18461977
62093035
42386195
50279592
7551553
32481364
10109803
51755602
44738201
2053536
11980126
36589254
29374934
41553821
8772793
22187477
24071409
9515169
63916919
52324796
4837893
33695975
36922728
7247352
41097808
18358627
38141243
7089059
51795385
35069452
29090917
14837988
60793866
49782485
58464560
44567429
54760152
60697984
36707067
16261270
53588595
51031987
44224264
31683402
26676236
35642860
31681631
4000768
51791027
50356793
2423617
62959213
12239731
35772151
59019855
54339221
2588732
36268686
61414677
46149533
28074645
18498794
5713738
23011285
8038106
6399913
54866994
46488174
55563496
63033578
38599192
10600041
2198569
18537061
45870482
49977346
32210133
34528942
6471554
25575732
42870354
29877283
45862292
40547310
56865981
14055679
43329526
7280488
18306997
37860006
27324981
5899760
25480097
58911695
22189832
9896901
56851794
5716269
54670883
51104931
56166478
41335638
33608382
26233355
52231907
36863383
45105057
16533608
30533342
63192004
2852638
31485495
42729306
19730717
39492436
33894271
54940372
5356488
32181518
12084877
56577205
57022053
51131322
56640235
15700785
62649058
15874284
4519327
60325853
13917136
49341660
996853
27112245
54460670
18834939
56544052
27036790
44792463
24243788
12704244
55894180
55493771
2189197
9172461
56812038
41839132
44629652
41030171
60398619
10160090
41699832
4360777
57856517
50675533
47733526
9249647
19587219
34110120
15347635
4486215
58923728
31703745
21263216
7846693
51349766
59344305
12001160
21623959
58392676
29255224
32121883
42761743
60356000
24534587
48259834
39553332
4227353
21173243
13494715
38384244
26362196
6022041
44820744
53729708
26390496
45029871
4225039
1200599
42361550
30142497
23632110
18466816
1515245
15126371
34907179
293635
50930900
27229152
20352066
35370385
12131121
48906832
30176697
23527419
38490850
18209140
30846167
24232639
27926546
9165533
8054136
48845176
36711569
56830774
18060510
59550071
8593024
45046369
53241225
50915711
50404223
59462374
53741444
42044669
45459174
22609599
41737791
41066731
33296682
44913068
51221833
6978358
12600918
38134340
9578314
19586666
51432550
52815965
39591876
18699725
18222538
32144196
15502198
21167529
50004728
30073413
60823446
13730530
60883785
60089739
3942684
43748409
6900443
48646599
7979939
1576621
3517350
53665955
41565882
49980378
53465764
50628073
6999604
8091836
29754435
62098983
54343432
48135911
10250956
46790202
15724713
22598446
9679315
61766447
37985971
37414070
26881932
15387635
1658452
27751726
3883989
14921926
22151322
48438730
63856788
7605957
59396041
54889753
56578868
6097706
31516291
9746989
12049385
58149952
25437992
58376432
29052458
63794484
19390641
56383268
21544261
54875752
62973690
37575778
46502623
23814690
32233822
52945063
699967
23733565
45475909
38779682
5752734
36231147
40834875
31806578
22440228
51324596
22247489
31791411
47796300
52457890
44587294
7006561
63331705
39187075
17250032
822030
25365381
7117886
56779882
49815542
2446649
37215307
26764059
14485307
18039858
49726125
6135938
30384432
13744397
53965907
1865499
3212455
8177534
46159196
58390339
41575632
53618815
29611883
56121003
39260659
20058999
14444976
52436240
62023898
52947376
22984448
16932781
16422830
46848099
22443534
60971233
62312838
37736558
12748144
26829052
3900811
25272976
16659967
2852467
28513549
61413624
37207116
12983023
18731769
32781532
7994430
11736738
53096601
40147325
9789020
54247941
38250983
49420606
46406767
27107342
301063
18069438
56454614
54576945
45439918
58578077
55301402
45205214
19165456
1226961
26471013
33439973
53991892
8251542
29960619
41170639
1328025
5565701
594177
31528333
47966235
26412766
26235442
30137094
51785057
22948305
12504555
16097250
52342518
63488429
40166709
2085932
40552794
55125594
26121857
56630685
38110629
34016456
6918537
13865816
25075729
39330507
27859710
2896741
6233127
50360718
46580794
24688386
62601379
61297566
13868561
18742032
14775213
1424724
12588260
57585489
46270957
9872361
36240261
45385050
12015879
9035045
39182492
36115855
2782945
7856425
2833955
55109676
13735008
27471752
16208353
26015661
59153271
42517626
4688250
59186536
56663488
42651041
56979218
62726198
1944048
47426653
7010059
1522593
35575202
23950815
61452520
55012215
29005576
25773309
21835601
9538062
41600124
413631
14470406
20013758
12679125
53222572
36124419
11011069
3238445
20099500
38290175
55507532
13192667
23568773
24157344
16272006
17235415
17760298
56972360
16851266
1234662
53963974
32025808
8229261
40401342
40047063
13040868
33807623
21314451
61381904
15067315
23834557
46997724
12271422
61453881
55788752
50309157
40256258
2202329
13005251
26456905
34950908
58848460
46379897
1826978
12417375
63733872
25344487
11184505
49089065
172688
41647650
41614564
8313832
13878403
39222958
7901416
29133614
20109805
22441299
47190973
61378356
37520030
17325896
55719159
35514455
62140870
50322732
14359192
57882893
2126473
9928124
31830642
9137107
59586837
26948664
49218929
18284024
33991949
45788130
50520115
31467105
12117946
31768614
35342834
38537351
36415113
62619013
41817468
9059532
46510445
53513180
31740161
59598232
37761184
44653260
24110137
58680182
44530608
26964802
36862648
27545784
45965181
10301727
61326192
52782196
46682795
30071103
62933188
49471349
44185
57624176
27161705
7942812
22391668
53302849
11420423
25602442
48915544
63973597
25602857
15762563
41510014
61053420
33739515
4779255
23686733
61238811
21971065
29994453
28407012
22772351
62693614
57725084
32267227
63434818
59207769
52975236
4675713
23662436
35448843
41037708
3649812
13347337
108470
46822120
14141531
43504959
34351965
61393107
45340635
23594159
43085146
57995160
16634506
16514796
21288480
52062238
3716292
26429041
44199679
3923227
23676194
37747735
45023023
972429
19376917
46499196
63047030
2741191
61185136
5329595
3031355
20614297
2789699
56113062
48438071
4473447
50886704
2833013
63988008
63928474
59309522
12256544
61931528
48751995
56060808
13404373
5100073
54912293
34353715
41342194
61732982
7099783
24652321
5077511
19641216
28245458
3684075
38390155
28694792
61063384
23456686
30633732
6576868
48444499
20766803
39470714
23301399
30617113
47089371
19043741
29556326
34271279
1858374
49838586
30227354
59513625
3486608
17171266
56700229
10026515
23312134
14631132
42312115
35885091
27618063
47081784
63403973
59922247
38963826
17883798
56946690
31505569
10792464
24394630
18875291
13165411
32812943
55029630
31536192
4096337
33435501
30387346
18822301
22430539
61126705
10301703
47221651
60685950
49581534
56987753
9611221
57963131
45726872
15707336
11974662
61152911
23234900
27441
57466663
44517634
63504919
9932124
13089517
29262429
51387878
48548001
18299406
63353764
41266786
54047050
2606601
34669084
58447672
44259510
48381413
26526945
52453953
53730311
12128463
56931311
44845046
61718810
23985455
17628932
13908674
24323340
61338746
38466806
30893762
45843510
11628589
25989823
42758603
9247507
8942383
19550545
19989604
46986355
13116952
16645415
21230688
57902069
12855214
32141246
49639974
31037421
54807979
9322807
30700070
15931452
9305634
56068423
23899887
28648822
58269470
53483399
30190546
12895029
61578337
57072471
16367468
13822483
25261029
57829156
29343483
4326180
15686890
54208538
25481870
269913
8315804
51311394
55344533
60708887
37790235
23841409
18344326
7953325
1948694
4711489
7227963
45473819
18408056
56738393
33059466
53779803
40386256
15180070
37442657
25858204
21772921
36651388
15759279
21098082
14139684
54237164
26775430
2129858
53083541
33313629
39456534
19119845
20830822
53492891
17877857
11687915
28846875
51418701
3742888
7508691
8591152
30088283
5918182
60552555
57380367
8245156
56611228
36585884
56370181
7738907
31492205
42875836
63072365
38357510
42286296
53618613
25535775
27171465
51091825
1252553
2571483
29970856
21511151
6337267
3370439
37076276
50765481
5691285
49490605
7446884
6213456
6523247
44420269
16303064
4675658
2972977
43603188
23624333
28609905
4661915
40510995
42226790
2768419
11877816
33697645
32060222
51607327
38053002
63770527
48604187
60163542
32398153
25460727
41371956
52340931
31227356
47439817
60837280
4486971
12054504
29269849
52167276
30766660
41500820
48736417
22842417
54072798
16891091
102044
13449260
32104332
17421878
13659008
11550679
49234891
1843649
5034333
47715151
5724067
1192119
39392819
21477374
36155272
54093085
4044191
15179798
12205494
61256628
8791616
27043216
47596999
42710126
30405992
33279570
49459773
52461313
36427159
50735381
58734494
53630770
35987721
54219972
28046608
16103685
26676685
4475001
43640248
22734194
55980747
36153662
1645391
8543051
14268484
34981400
16332077
384377
33747438
9977390
17680588
55590809
62633789
25579266
56025246
42459627
48635917
3531718
48254812
17752822
56699001
29367149
46114513
25858907
8310252
57467324
16477164
22006559
20625321
7701974
56518215
38940017
53278919
30960402
6773704
32270669
441370
58539960
28398594
25926399
23267305
4988506
57885730
39829352
55305277
61084587
9574645
19176245
45434110
42315563
34454069
32147404
5860719
7446454
44001870
18319096
44520571
37299731
44065047
51845091
39523661
46499702
8212370
6118205
39410775
38922532
15869965
15785002
14468822
52285988
9355843
30562663
54714931
3333148
62147234
37233712
19797305
55093383
42940473
39172606
35727067
58844628
9164861
12522760
24604947
22793780
3516614
7795327
38054497
29844814
36765333
41726996
1441758
33500114
20399385
8990802
13005791
8052189
25213931
63228227
3585349
2121626
4736596
16914272
63787960
549513
464961
35986619
17430994
17149997
8153252
48990268
11630401
37205406
43825896
39596391
55932591
46998156
9151048
21805798
52888695
55723606
46631932
22283578
48387379
18666428
53358280
34918944
10960386
14276133
60727896
54197741
3828769
50235275
18134983
35378338
50150061
20107296
1985083
63972829
29189959
38040739
3524676
26655670
4191989
36338547
7321041
26608103
22283358
5785005
50730697
29544001
17863245
60011014
33534045
8801888
8090460
939462
11736733
58002354
19466809
9494218
26154579
36647011
39972444
38515221
26053190
30654674
15858764
35922185
23252844
27440377
5666249
48138756
30787797
41185138
16648808
47820177
30709081
50678187
35049200
7752823
38507466
39053250
3181029
17536232
24733455
37471715
9031598
37990146
27129185
21509246
34079810
3001978
63239556
41573690
25779977
13997611
785393
57057316
26622336
43136600
20891137
11639230
56598286
33592134
8361976
52488360
11577217
31267522
34896396
7943491
47631406
17659041
6371499
26314485
12637730
27128139
45338878
52864077
43835259
45285646
29815872
15802044
24688954
36600642
17995162
26555953
47065680
37094619
56706425
59513292
29848735
57338813
42904920
63560690
53646586
63350545
39350239
56795323
56250822
13452533
48200653
27980099
20316856
34954589
54587317
22356968
32101725
55813928
56320934
12787005
22920285
44750070
2707310
30275375
11281068
51021353
50569788
33354644
63344294
63953759
28534835
13692987
47878493
63000250
62356163
61099371
2457316
22033330
47043445
17547803
19007049
2959339
4482629
59118810
5046480
48486811
49703284
20633846
18219253
44236121
5555268
19537810
46072115
52753557
24245108
29539706
42289375
8639993
20480861
56408352
2764990
24614154
41843678
61547599
27698557
3384358
713732
15702582
61844991
49278210
52196511
23939485
23332004
54219096
41482528
4478810
45071226
52165897
62709169
48782976
12434915
30916493
11444181
19053039
19396061
18581958
27780730
15800177
41270779
53355273
19178833
39754511
4121346
42343511
23496630
14102329
460651
22140389
4016888
63293743
55381275
4846120
12301385
1808931
2649516
57792365
19118077
13051244
23350478
27799339
51383969
13352997
50879001
54699752
30664872
17665493
45986786
13666568
7685524
34288019
47513508
59454967
18264088
45231023
9110798
40269553
49134227
60449881
41235772
40218217
52038378
34360692
23254178
30005130
59317004
19795871
56051375
8077751
35979371
349927
51087049
6514375
56674877
17243068
39336714
6466708
46446077
53102864
60932653
21490316
47552058
13055620
22001385
50286239
16650359
32012406
39331592
34078565
62402292
30856172
11622279
24699235
14858969
40982813
46746435
3358537
21273984
8686056
61528355
54169229
51103734
33262574
42286124
27303437
28240014
63871523
54757878
32617218
59785788
59027275
47243453
43173454
40069896
37875985
9335080
9548949
15014043
63656917
22157008
358633
10951399
29518494
7254194
26276466
38622841
40121024
44079334
59194374
59940017
16937903
13153608
6984791
50567660
53964759
39300170
16871493
48156682
11628889
60005517
20794163
8213789
44355756
28176214
17531019
56238550
1594546
9504977
1071554
28050271
63068837
40367795
19450038
2917700
39658600
16452790
7459959
36699773
39239285
1377374
56635670
30038866
40693235
54770934
5296634
51618222
1774388
23258436
51696014
15742772
24702157
39600275
11003185
47717685
525811
37534987
20355827
13071845
58348714
53119067
8257393
58528677
24191025
43117128
1994526
41101026
13769668
4632590
41492639
1094511
48202111
7063392
15322042
45442820
6122296
30009254
5900269
4272735
53139425
10035892
7626605
10718314
49056073
53771163
30108022
30875363
51288880
42546756
50012214
43294339
59525968
17625722
61754071
14355467
60439379
55767301
41391877
45290099
35379939
62445413
10840747
14829662
39514271
9887785
23357805
57876878
3645533
38307213
48398654
35489605
24597976
47526280
13749972
18374257
231495
4750418
26019436
50028184
41811783
20571618
39772771
38407467
19056959
51794447
37111441
28043630
13585528
55864724
29167896
40900093
37026161
36782672
28110869
39794981
46672912
41780691
40266145
33695038
12875705
38969040
15936182
39256415
34662889
5350793
4144204
56815533
8078715
53179716
23185381
57622641
8397457
57817314
21797840
18193458
40342989
29882584
30505932
36584655
9654251
30776048
8546743
27933653
4322511
896041
31306590
24352375
21424102
44695532
2914499
39914
14601150
17238797
23535167
896179
10534412
47790018
25100614
50016250
16611088
62461363
58101161
6534259
30734960
60143671
47037839
14531019
27515080
35598096
45371075
1572183
26477638
49762411
55177128
26017901
56787894
10660508
24763285
46861474
5033922
37974175
48614088
45479358
1545030
40320498
21943882
36964641
13531701
21725053
59488213
63011250
4720894
38448809
36701799
31936837
30916635
60360437
27541163
51606064
18514274
59714298
39840841
27220648
32027745
56865648
63600431
25783502
57438749
23078874
106936
25862377
10409640
41172862
16457702
40816159
53926190
32029772
32894503
58761852
32889693
38452929
27078362
42277386
58423480
29385190
8988183
44671974
44042196
21555151
19596547
24125613
8470818
4387921
6143429
38760547
56900742
10707464
12346434
50851879
53388234
11529821
27635864
23313509
29685457
7465399
37361098
3014004
7369039
52032061
53703314
32629493
13147284
7291303
51430496
42262498
18234094
19204839
49403701
21654722
45953914
62958153
61156867
35244098
21212749
22521070
40117691
37240538
31338096
42994949
63909152
51047949
63708531
22175731
61284197
47450037
236754
61005339
5832683
54219940
42321249
31911904
23377063
30730309
43835474
40833867
33617309
12838275
36213100
18217461
9771607
156183
2895220
44809659
14686828
33890671
49786116
45378858
12098499
46924376
7984401
13427933
60221785
5054762
47038589
13336260
55619282
40893257
25265633
53433764
58165274
59493795
23331757
43174613
866895
61586120
56154228
48923234
30769035
43560878
56808705
54912555
48692930
3892701
57778015
9612183
58816791
3363323
44279357
31201533
21143480
9348444
57009267
55448592
49148795
21706140
34021871
2178900
58950339
18243802
21350488
54287532
6784259
15427923
24458433
17653586
32351001
15404381
23050381
54433686
46243843
58845236
5600871
6103171
14908854
56481091
51100559
54769557
53662272
52375784
35317990
42797827
3555191
13866189
39217576
35734322
16272405
38590371
42268532
37878034
11982452
18419556
35653365
55146268
30612408
173135
46283340
1409110
38862004
2918366
5237725
42357576
39767358
7536239
44811927
15948333
3542671
3281522
58261636
19415750
54297996
13522063
8165808
42648553
37744520
11016651
35003460
35998526
44245367
63386877
14513160
50753361
30554982
35869153
45949314
27683278
35113729
54121935
31080864
31024121
47291624
1012354
47644730
20387459
25844214
28579579
17999369
10676921
7829914
9791919
56410186
33302294
16787796
8983643
61039084
48875571
20750716
56297791
42997288
9043743
46033349
54323950
56422085
51127044
20122837
41129549
62579743
20042206
59879356
42024958
4221463
19043777
417117
47858586
35051309
13081859
7147443
57555259
5786997
14861831
42296404
59614489
2272906
55147259
28636470
3587311
34273934
23762641
19255534
50408882
52759597
53237681
21356979
459312
50777290
10783223
33939008
34424716
50898555
17364343
29758068
33903236
42115559
54365078
22344060
23529117
54398882
53015687
20062890
12073703
5913809
35850964
9251706
17585177
13929012
46559274
17534076
27474082
1327347
37075739
1198469
3249713
17452488
32926251
52566204
17239627
19962501
56152719
31406106
37064264
58969961
33222001
14324197
48026602
19577928
18792532
61733477
46331596
31092222
48611212
18545840
47809993
63220446
42496921
34071122
50265360
18641147
13845092
23468556
63029251
38892888
17952520
26659314
39934947
42537682
44760808
4290258
58057487
137121
11462391
9531816
41142642
13606192
24365076
2196968
755986
35764547
12313055
15768069
63666567
50601671
32961908
23427578
39977599
15688862
62839942
32808504
353149
8018990
18143171
54478212
21334271
56467771
47459168
54514340
37392886
63415766
53090465
18895525
41522712
1298383
29215633
39366109
17481117
15411854
61279554
5483766
31913991
5963591
13662055
55364972
44754857
59057221
46370662
36304140
36925253
22394880
25525589
3786588
7611612
19169486
22729588
16323575
38937318
2635048
29478717
31823751
5498998
54493654
16955679
51654885
36040606
5955431
18590825
55466267
12498126
29980061
47136389
48676978
51757388
42580839
10836192
6902090
14232889
20621816
8296503
50484448
54765815
39254535
47738229
26008902
62959653
36069964
21798347
19210915
46855323
30777571
7772471
15412913
42282689
38386774
20138585
6874691
34431318
36686804
47240104
35489557
11623701
38617420
28289018
5051667
275135
54030881
44140245
21915079
12250975
21027628
7351963
44396916
55435612
49436130
62072105
55076299
62296714
37060945
45509321
44061624
50383249
829769
36938054
16165973
34389144
7903130
18994566
30215285
2179516
48072855
22526656
31210568
38844109
50895021
21200328
3604889
37637426
42017363
44195273
7940276
32064223
44878912
26147495
47110357
48540817
19872445
16131346
60646914
9087554
30883918
3387862
57509448
52514109
10933052
51473973
62043214
38784358
60877420
12781139
58092207
28954845
5421305
10492378
52178103
30685470
25326821
43635380
4053831
47613927
31300110
55941371
52433264
58347228
48761899
58765857
31334773
49843323
40683132
3209591
16118966
52803519
49970104
9793639
34580642
36623560
54683710
52382372
27680195
48511033
51081527
62391505
34305305
7529841
38840491
63540676
46610086
50796810
62236490
54607975
57765361
63748966
7774760
32549536
21252864
4491143
28481157
29388967
1903552
35017173
5535430
29118455
13417439
16998264
17045968
25662543
313491
32070232
61071433
51525505
26547486
42563858
35723333
40933249
5961739
46794992
44330065
48542069
14158063
49771008
19680551
40678158
42250756
46853612
36072727
13310509
54672733
58183725
53221744
34536835
63054344
53859388
56628406
47114626
40230950
13461907
13027142
29096721
57960047
63381235
32481233
53200061
16377817
32221649
34742201
35413636
5762944
44651570
6508156
32151788
58521977
56446916
20582263
62088517
12104457
19232320
62248200
56308988
19931088
14689511
24014608
29512276
46189084
10221531
58724945
6337158
27948652
13453119
20869008
29339110
10224581
47782947
25879213
12482658
2654866
33827027
1951027
60093233
17208523
28255143
31336012
43877480
17308811
12056921
35812808
43588855
56864744
62803176
52497836
55022751
8315944
62996301
28409435
60978338
15006351
6289282
3226185
41789083
14571350
2894654
52022479
52396190
29069842
23611223
16711722
818746
32545367
10954004
57793862
23058535
39390900
53253969
19939196
41584886
18093754
8457538
43432532
48925522
39086382
38536572
4305919
33613316
26353722
15740648
13582356
958849
47666051
29766672
1148434
39823700
10420735
44723968
57872412
30117411
32615272
48833468
28814287
10076155
10784015
40734503
20137792
36422068
5382019
38522842
41479874
63455344
35047273
33720744
25253219
24809931
1305727
28612035
9599528
59200740
43028643
33566513
53995526
54928918
54912062
8550291
21343585
49577550
30374701
16461096
54784454
40935291
38651075
58320307
29610140
29648792
51716700
39526457
43922273
45466726
680438
12014670
19292724
21392332
45158990
13272971
12352536
279883
44487789
29627487
28427653
30751377
23344613
54845738
38289255
17084989
4208327
11547739
38754707
25799831
12298603
51512103
18916560
30640361
61529899
53782648
21363691
26468107
27582206
10148276
6830246
20247242
54008225
6653731
17801782
54720908
20487229
21691777
5590524
15524031
53149482
63758231
49227310
8787745
41705102
15012881
9684993
27484085
54828120
16725253
36424057
11507976
20311453
1079694
35577933
49273262
43428256
45215113
35472206
38996045
16898975
54202324
24562110
28718137
37724406
36051414
31291824
52808565
46272856
55037669
23249491
59645465
37302468
40355312
57448489
58603254
40959391
38572829
1615512
17773709
8633497
28035350
17451520
14458286
36060656
61117639
49555323
46904673
47284646
56634424
39180991
18122331
15761520
36643989
45086180
28221512
53347699
33749407
6865267
15722009
20797888
25903026
24117525
8659525
20282827
46055559
24930052
57282675
4399808
46354015
61139802
42466650
6384335
30921039
42639175
30800114
12554065
18565836
37029154
1583079
2763998
32143202
19331807
12045560
33042988
63131468
10386558
39163948
51815451
53812037
23855014
6679489
2608559
59229395
50160062
26211515
7852614
28262188
19141836
26408322
46552008
14464844
43731567
39271668
52783999
34081811
58259765
7665718
41063455
52629712
39451555
32813444
41272352
43123366
26967675
31303434
21355562
62745389
59632012
12208200
29054307
38629321
9790485
61243393
13093672
31453567
36568936
61785419
23220468
63959346
9592465
30211367
42886495
31744357
23280674
36263918
63868638
31483003
9963462
55499393
32528642
430364
7800090
8841466
61591498
58673421
21445804
43486043
7048044
41154373
34324615
159846
61986403
35035219
45536096
52450307
33310133
25282112
33717936
33495119
61287206
7321472
34697922
54550867
2315479
24975277
25745622
37122243
58026654
2665421
25375782
45311777
29773948
2232064
11946
497356
23784609
45073827
52979056
13898777
54804175
35846093
3455128
11093533
47272685
9561370
36840638
1866970
60324385
50463064
18254016
48597604
19691
55211125
11278272
56200280
8720359
62076335
31686782
38033268
48921495
55716879
59388022
17853486
63359774
49031329
22498698
55992353
22446883
31152861
13748127
1539369
1709968
53821979
11728899
41715937
50021667
49708847
46442828
3546778
13697526
11710266
17870217
22566455
29257964
9518779
285943
11933782
30677951
44347681
61702348
34308062
10525192
29463683
16993055
2727714
27115367
5268463
34310159
33265265
58440427
59808058
56680647
55400651
36110615
47312468
43727147
5618124
20849568
10872112
49631754
5142569
44451341
18941899
4025306
12866722
34602226
62495212
60754805
58793010
24711471
56648678
49772069
38648528
17924643
7254547
10438207
41319535
18297584
31387817
5217212
29430696
47838371
18036952
17966615
5129020
46838043
26459716
20762433
11239360
41716234
60179220
34746975
22357801
44438251
28645007
50586355
61085313
20733156
9975255
36956365
39159790
10675887
27518379
30089583
35950175
4559756
32090724
49135302
42354957
5528442
19919071
6796867
13350955
41749658
6077462
22236979
35530899
41298191
2235793
43013724
43186398
19440962
2426863
39904362
30924366
60378471
18166785
44869020
36671030
52780305
54035540
43745572
45389230
16662066
35205764
52518062
46206626
45400716
32942450
32772138
16206310
44608469
24551539
43043838
47727547
53697238
61704386
58992230
29817570
21149970
27669558
54644409
10408549
35043793
19866158
20089333
26905954
42463258
2558515
59363462
56390793
23766934
8849872
57277181
2363259
4842811
2365051
63704869
42428660
6404511
27099836
11861780
59914168
46855677
26883751
3448941
7410297
38477516
2860700
55862129
23886589
55230673
63592552
18674832
28774633
6320820
14343773
46434876
11566218
34312049
45856301
12436804
57019969
22530734
29009675
20695115
17569261
49644227
16070366
58293031
57556783
56984982
49836368
32857973
43210467
50375892
51408842
57361837
16393124
6607666
34780202
20603630
21462744
29287602
19731127
25725713
26525135
21515826
43032352
59661584
23276646
23153505
45347883
18275456
25614256
41173983
99850
60900254
39836614
39576720
46903381
58238500
36335223
25164098
47913462
39644778
57901632
1623664
32788459
49716412
41018732
44966896
51097529
53951356
48107364
58340187
41916907
61702296
26461711
36437623
17370067
50783030
9186584
57089783
3217706
6119510
33244033
1171434
24620036
35735485
44960165
23576754
61558827
21946609
62978571
62452381
7670172
53885666
56897099
46086822
14197103
43130585
61215890
45203430
101483
52913465
44282377
54629985
48822468
14750125
14024982
3503259
3007203
15125477
30783961
42601976
30741935
16880356
25360046
2727756
16997959
21751251
58795730
40512508
37707616
44954075
5729088
55982275
61813440
10448997
11883957
18467578
52981974
37928062
63565778
2146334
20901317
48569810
63930148
45466931
32967796
29718196
5804404
18209550
41641717
61953739
30812810
18341121
46708891
19327300
7622488
39392520
26985586
41760373
9818912
1013958
63200427
63058546
63185218
11609394
10884787
9622142
49650238
16590847
36643944
32954141
21247627
38540680
60430446
50220285
12265044
45865859
25322000
34292798
15989301
1264776
35926273
32023928
17994808
7774985
11083105
3958982
55861749
2003947
22007841
60843756
49936113
18904621
50187284
30084714
59901439
4576514
4840892
56087332
59035921
43618874
54479951
10309717
54517748
62550881
34156618
36394620
3527794
29165064
35548763
7605372
28375780
5937104
17511800
21010906
58676489
10676149
9359397
56313355
10767399
1898091
31216849
14324469
46938156
59028240
11969299
56585225
31088236
56919074
7355513
63040833
44057709
29157617
34652422
1072372
27594748
6367102
53530992
12387089
56289143
40117670
29592603
48186660
9428155
41195358
62183758
58794535
51644415
5440376
23924240
12008779
38114415
3021671
28790680
20044562
49015662
6220966
135000
47164838
35460518
47345337
44865648
33706008
54536192
57904672
27385609
46289098
19475465
25587033
31987916
4341092
15856537
58086283
24709977
10610937
45125844
39802150
27767862
34295259
55816148
57173824
52517640
43754302
53434051
61024797
50637823
32245144
3436643
19584890
424478
39153018
53792934
19365879
53761930
17142377
55179444
39806984
43935969
5773489
4054518
32801148
14182822
5342070
22569822
23515974
33445198
10500090
177440
21446954
49321688
5900836
48094718
37601469
37200741
9986377
15906082
9156769
6930586
22863880
21343077
24304098
33247909
62859190
7190811
22334732
27337644
56083199
50047119
36619495
52937487
61614476
56081302
24022850
18058308
6311078
1431097
51340557
1711196
61231886
53281613
9150443
18551418
47299536
42546167
55580337
15224544
56044326
35869269
47191804
18913797
16939724
23182342
52351890
19703494
11965233
61963258
51963839
26917269
55709780
46651120
3952486
20319307
63759741
41985413
53374507
3855051
1666980
55275674
55862955
26068075
38200009
21815672
56842357
1007595
12980427
38385362
55219672
14115523
35932471
34376255
9382509
62372014
980317
11493978
40872953
35871201
41209306
41410525
47034065
31140172
17879402
8778138
30623499
8793779
10076135
3653231
27426356
56071962
1777929
49312974
27417191
61924444
34969439
26702546
52903013
31197148
14656206
7901302
61675784
27219891
54946780
547609
43546835
11798652
7849324
41605505
41020476
50265175
50371860
5544326
36581514
56854531
24178002
11631004
50314610
48636682
42812265
3049008
39577192
46104133
34825875
56541950
49076804
7951485
14355423
59591017
43608844
4196536
60866745
49297193
24571101
39622242
53366126
52377613
50726384
7980699
10128814
61120744
24361687
42342032
638310
29714455
2665515
22774831
60668215
8801579
6883896
30171693
156000
4070680
36421658
8228819
3463
24108317
7450479
47389125
56322124
17477843
5435872
51615137
44512015
8407801
36923629
13461980
53523283
39860559
60580897
22696546
48240255
17638547
22115542
35478999
61136056
58190026
32926571
7466179
53092743
52849277
13776310
63380068
48016319
28434092
24499414
59789243
37331812
24527219
16656944
63954109
27934248
53273568
2909603
49719019
25644284
23534909
60586536
22767932
20331444
44088905
3450097
24497654
60438571
51539743
2405310
14188108
45581398
55476269
63390653
979662
45816545
1073175
54043342
7872468
34371346
28080187
698878
26964243
61972141
50355372
35070366
30155099
25711817
25711450
49334317
51786573
58693494
17839280
29988880
8790534
47139227
14655620
40613814
25642747
49818058
24778824
1106829
43584988
58869971
42285540
12245137
40531789
50085293
13629770
45382122
26282484
23786344
8237431
51310842
27303015
12326606
57081380
33197474
20915876
15183337
1172225
40489558
19516476
2428261
11996720
16332242
33467944
21439585
19836498
41324724
55155828
933781
2177232
44541065
339491
44107985
27272252
57236839
30831251
31600118
26590703
21414116
9728777
20952709
16332281
44905502
17127920
25725241
9684761
63251005
46716558
55778735
27367391
10724719
350777
34943958
27853398
8985975
52020892
26595219
30531785
25344777
53166066
24873847
33492807
34839104
51113346
7730540
31843507
38070962
56029709
42271663
34416588
11374960
61932782
50160967
17839371
42469718
21462214
6598263
33661461
49781274
20867170
4005398
31930261
254151
47286825
32725181
23755415
43981690
54971093
62471125
9252246
13666913
61101141
5925711
40709622
15253346
28068488
4054899
22432153
62630119
24376968
40818722
8298009
22141252
31317816
5257964
26708400
728718
8940188
25684802
57579271
10129543
14563127
26231252
38597962
25225577
50429386
59322549
52382386
16042764
45317852
54840653
53432772
24986834
23846856
11070329
16036172
16261407
46711994
27562225
35212574
48046873
1681082
29557130
1083408
57632138
35176883
3395577
25604267
59050450
43552508
37512214
41126696
16820055
5824682
5650014
3483994
51726306
6397045
14330412
36703374
8889558
2219234
30539231
62704613
5402932
60689587
40084900
39096424
41928793
28404370
46866610
24308869
30511369
51659746
32301295
45154661
18231653
7563886
622327
25498313
40437139
513223
3594322
28781178
61569030
35199918
19033232
35217493
19934998
10081323
57888665
12522890
44461690
3729971
22743347
47171531
27082454
50374751
46310174
43880152
16783734
4033987
61247607
43890582
9340570
15596062
41338512
20251350
40718092
36542116
52534160
2636146
31712990
1865106
40244382
23670656
9083152
53065850
51691600
12731611
44409613
7747477
17339833
15800710
42813191
56910004
9744157
20137493
54992168
25403402
49511509
31138017
2596869
50928369
24249820
56982270
55130756
6962842
29105793
10413667
8852878
17175314
18686433
17498640
34414846
32820153
59045081
35953685
58106366
58588845
47852489
7727440
5082740
59029944
2745456
31541421
57745158
6899494
57675274
53516991
38853445
41878818
27719969
46394100
24356200
18808756
33904452
28022965
1768947
11477177
3676711
36463987
15404005
14820773
489339
35268023
46322504
61326851
3422608
56003040
63439827
3297006
2381643
57198666
46671123
52995287
1562466
52953966
8945196
23904368
45471303
3485134
10484347
51816987
43149806
21388296
36021159
44549208
23651272
48345442
61779515
45137078
26954870
63848737
43790010
61959559
20445507
8041438
8564488
45571661
5879838
40695650
17169074
9050029
10860832
28962763
17272009
61145392
7591266
39791234
36840098
3546363
32826476
28306639
50577548
46008939
52889347
5086405
11682716
63582011
31752295
47084653
39496823
13130656
8428363
19515699
24449459
41403218
45455460
59992583
62338291
9593823
22749649
23694859
27127863
34964367
51587066
12649593
22395724
30151892
48447869
19354831
23205969
46097669
14315572
31677384
61500792
42538338
47684740
49510622
13299391
45812995
370763
29305792
12060422
55960014
12543300
27231131
39634217
3617227
47766470
2177682
18427320
44967830
58233951
29155200
16110054
50014354
31075101
35936900
54245242
45728984
13676249
1205444
34930578
48704696
42023162
4513565
43372931
50923831
15143250
62112591
51513959
14387861
54393518
57021773
61969982
260275
50423264
17685479
2303054
41791748
17623566
39140943
664544
29111617
26152030
21383618
6165121
32372067
3964684
40135467
18159981
3296380
52785978
28894680
43527070
22875903
19867793
1435681
751882
5768807
51282836
45898483
54395319
9647338
31015360
28344305
45441885
1577479
6087837
39887951
63406607
3222344
60312916
5164099
10709149
636127
29310540
28815583
63298183
7771346
40740899
2301192
18339576
46947621
9374121
61820134
21509254
20299988
7738033
48565789
43512435
55364163
31154812
62799706
56815946
57971993
54839453
53350711
44670484
48870728
22362381
14443756
54806955
53912831
52648429
21267311
13441866
40871524
41247413
4854771
33630671
16509322
36700850
23986732
14347070
52700840
20290733
62766602
58199181
17857170
59177397
41610478
31661985
9116522
19483829
53029032
60030743
2164227
51400180
56106622
60756449
1870659
54800304
16999997
36981946
60717570
18831248
48748398
30467327
38881698
63181865
19778073
24019295
43166640
57545907
891217
5227823
9322360
26080448
48722027
28679920
11780817
21583276
59433897
60353762
28003264
48743649
61127804
46925122
40669887
61165603
50037003
35754665
61540233
12835724
11143068
55690870
36206536
32275722
55989766
53535827
27039114
3285585
33636108
52324891
48954276
23783188
3786613
33985056
15481652
14309657
4960438
2636037
24790564
29248452
41227887
32628138
51784427
2361727
51386004
33748461
37544608
38460095
6461569
32795978
18266249
7536359
19064311
49822339
18687460
44520437
31612977
23734457
26414530
36472784
10402570
56561425
3021320
38803109
28719522
36602482
39946074
55947554
40951948
20482313
24624237
570267
41322269
786987
34964214
50786825
28565195
25328772
21219025
13023111
3496329
47120026
56363933
13943570
63078297
56433132
5755110
5702225
47508366
26287393
47536476
30733610
35837293
3912364
26130780
62156321
25914656
18839859
53990036
8255624
7905795
59103363
13771667
43108775
5351422
59597960
18626256
30152080
37996449
47247005
39651703
20595618
1284654
52856976
862314
16260557
59104026
18926783
23160917
895390
8576401
49780426
49405547
61582758
38168582
63813836
22551654
31098628
16195427
54122860
27789316
51921250
23159870
23839922
18060236
22869187
62769796
2484191
59980044
12549970
61843246
9030221
13949915
31154965
35196475
20485416
21044217
48600847
48710706
5048601
61542709
18944619
36596105
2203176
50800742
37763317
44372110
14967748
20356949
44741789
34088472
15317839
9423971
13594560
51011265
5284659
53571964
5318946
30265847
20910851
36245211
48066357
13769021
25118678
5858111
53929743
13733757
40434479
23163071
52983508
53468247
57133523
58742372
51589210
1575368
40642265
59719240
29987278
36799860
63049628
45864827
56883252
11879734
20086674
43885599
57386524
23394453
52641118
56174989
44547172
52916353
43682194
30942982
17725320
7825968
14872563
32336705
41387937
41991918
21452568
41015805
41797741
48115696
34202793
38065541
62984067
46842371
7321673
34527790
61699979
48846754
33031001
26211529
17811652
11514110
4247724
59255462
57750294
4974983
32276400
21875594
59002447
36277234
16747605
44446355
38883200
49481236
35915261
1221638
51284976
4947237
41985989
35763342
37401618
57275599
51358363
58403652
16394047
30846844
11067311
7774452
13406839
47724633
18410651
36259725
4004883
21582491
39068892
30486256
27749664
59540450
55658333
20768990
30808863
9911354
6695042
9297561
26207062
50082574
26350791
59430301
27218045
51927805
24658593
24032816
51859962
51223585
15757610
62386468
52667026
51945498
30667894
3211927
34824277
36549441
15016160
1074912
10606617
60774544
15201922
7979931
26771870
5338381
15764581
30449138
29212014
54609297
37224211
40768260
20104482
40719367
24274972
59321283
19011087
19474611
9477102
27885973
12866259
25314208
24273432
33982893
28552021
11741499
61510371
7434584
45877172
16076787
50544812
25678452
56390563
29925276
36601206
48768930
38978939
58872015
21007495
11438236
17587885
18795506
43783018
31592753
13381244
25025841
1369228
30618275
48362344
4179531
12391567
22118181
28181570
28566275
26177549
41436308
21284703
51094701
63332240
4208120
47852230
34303434
24557020
41087088
31038571
8415847
14045577
17660573
19040656
54678958
16863814
59566822
28693937
21799488
24629305
42018865
20119200
48892798
31278681
34507095
51663385
58672936
12558779
6019044
6911003
34514770
31242956
51691334
46378469
48435689
43987076
56106749
33970497
54832632
23859481
60119468
12093338
20556061
55158419
32804925
59544804
5610909
25640826
1016038
25143476
61803617
5939661
4702377
40516733
17237983
23810403
26297437
36764630
44863693
45940997
42298919
45540088
36226637
60525457
13521818
12535124
16523103
41689927
41170446
9222512
56893207
23938122
5996827
61923230
17928937
12636461
11060421
46591328
34485879
29506883
32226652
9561361
20256769
49958385
27641252
31115229
6493676
62281312
7249976
44323551
20298158
2186713
2857553
6735073
62307702
47349092
38200337
18469662
57507789
27335378
60170764
16194644
11787812
60170931
53951425
63915273
48308120
26097326
62680666
57418472
23658179
4087887
39097110
25635781
46416100
45724970
40297940
42910290
63537319
15155685
8431469
43866071
8319744
41058962
43564556
43000155
44458298
16159378
49717846
6810162
41853324
46547582
25526731
11154975
16671332
33957354
4976654
47295151
6974102
20785271
51843784
6833105
35274670
62501337
289940
32399656
24545939
34762860
61345299
2651987
3453317
30438112
24812810
30523464
37091489
32491677
10506705
36214075
35229301
55174369
49257872
51099931
35062481
9830389
25940292
13510293
15981199
38441739
60204271
24591606
28109160
47503192
49531012
3963540
27366896
24029594
55891112
259191
16800850
53809063
47926653
27197941
1064195
44218759
59920939
48705187
13757191
48323523
6716812
50248521
42386051
33500026
28058793
50021210
62454961
16767954
46057453
1275437
13449917
19173701
29751903
33544038
329660
48452789
58470527
42836257
49312649
21143290
2344094
12020246
27617079
44487985
10806712
10534704
22395459
2092623
28577459
346715
1583006
57669218
26514317
22043904
53345261
44970573
21447168
58775423
53473963
29588632
8139560
24860043
36363247
61526407
2638660
51382951
9705480
46045015
35894825
13963906
20824707
13416478
12477231
1120148
23654125
46018261
10183047
5138278
17346079
23279862
11804816
1773093
46622811
42482383
52436419
18079818
28243677
26806801
35339793
23547976
31858967
43805272
4565936
41683365
41706312
17599391
36951868
11735337
50423484
2647431
6374720
57325352
17625174
41733213
45746014
47863715
30906931
31375816
10974846
30695566
4597908
6607856
45028972
19061086
43157097
20347934
48585606
26471073
45606703
40706736
36510516
40763123
59659073
9494356
42703040
29690018
39237910
36801875
7247822
23207929
52803869
23004439
18752460
25039368
5128868
11369719
48474442
1385620
35264150
5905520
52262893
40714605
14884906
53796260
47681340
23781030
56740652
10326910
13484520
13064163
34318998
46619671
178173
28276317
51968795
53520367
51968910
12115318
46670587
19543306
4798433
38868241
63006396
38615082
6214936
18269399
47876193
20514760
34158082
62382690
41019907
21294797
33648968
41383488
19492009
57426557
14222878
26783089
59494138
40581834
34217232
2824913
61304853
56821171
24406446
50672499
21020466
452683
54448981
45190588
58725109
54632287
43821449
62122381
45752395
5687431
27282307
14297111
54910972
10264059
50296410
30261234
41643733
36460407
29299153
8066884
1845340
35018232
41573791
52446590
26231602
56171942
52946934
44957577
35333467
61202011
39163888
12262019
54207813
32745189
44550890
42523900
23304243
44937867
26510834
38393340
24903281
63737853
31405458
15783491
40862556
56645349
2204835
56290563
6596737
58754452
24305203
46296992
35325102
32818391
25069779
35472367
8474284
54192452
39905530
39588219
43604868
45508735
27928401
30796575
5465124
3198152
44655452
44047771
53457463
4306837
6916686
21134784
8139517
35220067
32060631
58777267
39403304
6235112
48979668
44646978
19468708
45141083
4504643
8611819
30979391
17065649
16898040
14617860
36767954
29704434
5909731
13585337
37810662
21002715
57669027
9741154
61756286
51093641
59039273
37774691
29771369
34988725
48327658
60442274
61834998
62469743
62474005
61342624
2027294
12168216
19685290
43197904
63592989
38556334
18755013
50097080
57898720
56724201
20996375
17541418
32234539
44085802
33613291
11497889
33636359
59626365
31460320
34515507
56891121
33576775
29796806
35651711
47863447
27945938
28619423
36320569
16515444
2156086
2715964
9044858
39059682
47056114
8018986
44184690
17742774
24353412
44338450
60385923
7325185
41764401
8629225
57389044
54889817
22088674
39666362
16219121
27293246
42581229
46978032
29957836
34156703
61334961
5448106
25111820
54848030
13995499
15191109
30112282
25435795
61670314
1709535
7354441
5902718
44315740
19249788
31483856
9907393
282275
5933376
47220794
26096522
21695200
9997226
37733749
14165877
26034996
55664483
20075118
33063918
53840021
10398597
13851680
28319428
21853607
31906556
25888300
15174375
5203164
54645665
27104442
39611740
46193045
24903803
17857243
51735738
33017989
3645117
32707358
37073694
63999625
41491927
56941994
53523968
46631507
11113717
49275857
43980688
46143839
50289395
23717858
13801636
54453432
8819979
29053855
17075093
48031854
23397486
62590115
37191244
44143030
31228643
20902652
20588139
62359954
27498836
48708929
24315009
32663613
26492290
39404317
18931743
61435783
59574230
20244208
18131536
53428488
41626720
3226263
59048051
48458432
60906269
31051585
35386380
29160027
14568105
25196141
30291184
32923584
16740644
15575320
35986732
27870157
54144105
30712444
61828462
37533525
16973962
22786211
51927950
8679318
12255547
25682441
24512866
9551610
10947722
42222262
26310842
12715545
33658341
43585721
37966533
39154914
43286072
35282951
35027068
25708189
44925416
15999159
63893681
54146912
33884476
26725378
51224895
18917367
49781017
56332484
30885242
50216224
42024943
14834696
16978874
48338254
19828226
26751679
15499494
49109647
13821597
35842970
12708070
59448333
39100586
2637717
52838641
30615427
61250876
42053889
35647861
32286404
43712575
50323884
12113460
36730020
11861744
31795747
25000048
23235069
52158261
43218658
30633477
27059610
2596269
5758855
31131821
9591209
33405754
21561432
60048315
49988676
24086509
48009221
45163327
47241811
42958174
39661920
50987454
63320371
62970751
10871162
10389678
18777702
58690028
9841302
41414909
46650036
2425725
45734360
48492503
42637573
20688203
62670678
10211893
12639050
53678716
59913047
9096545
23002865
18902935
57349218
7698655
39337741
34061549
40854652
62627700
31815557
8090159
19454019
41068757
36264893
55243727
15358497
43049625
37716815
12216101
2465492
49242918
18356209
25928102
36780302
18630311
17153624
29185126
62117060
46496082
48668965
42545499
55048381
60887158
22094084
59268069
26107045
1537442
42672190
58687586
9683519
54187431
18125380
17166544
32872043
57920501
11533575
25489347
29128164
5317913
41315066
24674473
56805646
50820502
22152995
9929357
14309862
44035452
50257689
3440739
12032152
57298339
2598193
35550890
4153216
6701739
