3176824
4683242
3664503
853903
14413141
3502349
15183061
11789347
5661661
11240577
6483016
15159781
7047564
12073959
10208495
7087208
15785958
6606237
5225280
11694174
1830008
9913426
10120806
12428882
12238921
2267254
10956151
10702560
7885358
5876976
6497847
10216963
12958986
7822246
598287
11656140
9324045
10837025
12553439
15238023
13571283
8738735
9444916
9277761
12438764
1235211
8495467
5901203
7747839
6225219
11096878
11210700
2799281
7722175
3942870
11530169
4584323
4102768
5836573
3741914
2786423
12798658
13309212
10273876
1140104
10605001
6583238
4878536
7820410
8427706
452491
5480505
12659902
13418946
13160985
6306233
10856473
12109535
12192440
5016627
4047730
8054408
3320404
10049234
4445018
2477086
7221013
12031755
346368
13916882
7656273
15107779
2447631
14299584
13417019
10213994
14700286
12118648
8798146
528307
13042074
998047
5209065
11895333
2865584
3589550
638014
15266248
4889364
9564375
6961579
5185631
10603905
10649981
1695024
15102334
15860667
13163823
8177343
4582331
7350462
14701879
15727618
3157052
9220006
7359925
15109892
11053238
15019177
12228321
1710384
6140123
9205803
10710368
7529383
14425799
4311176
8535781
13566501
7555510
908727
13853232
13574845
12302133
3328822
2330111
13269331
14440303
15625708
10605500
12888501
3780954
14149421
4097871
6732115
10286959
10582264
5893340
3142263
6502648
14956781
8684148
2754456
5455501
11601899
8157304
12169976
7490513
2484006
6384520
9810083
11010190
5117106
13601831
7522036
2719568
13452824
5769912
5964460
5239182
12355929
13756681
13612340
10957104
13110842
1480015
6258725
7735493
3724068
5091047
10813008
9187708
7806340
14929837
6213778
13939757
10673428
6675137
13632149
228371
11452219
11632200
13783766
9913012
10835249
14387118
4318427
1538655
1257435
10969532
8509782
14263327
2979441
15322992
12611147
3299897
5571921
11988457
4878310
5715721
12347835
5693267
3953672
9396528
8133464
12416189
245833
1156239
9248059
1044026
13936287
6868587
11980954
10238607
15957696
12412256
2145264
15292388
5120373
11231296
11083591
15121556
15217141
5468415
3559227
5636375
8423309
8474728
5933387
1724916
351267
8820330
12578472
11731670
9316584
12969526
15174147
11543314
5765044
9502319
4214407
15358405
4360909
93737
8722464
10539287
11492686
2652938
14702602
9306006
3676410
1997574
14285511
2073713
11803777
8655805
8330089
617583
1004816
9531833
14764977
5816300
154952
108908
4674992
14471655
11133787
6959792
10868136
14252030
10859287
15988751
7224297
10325821
8275837
11549234
13771991
2153810
4300495
7799798
253174
11329097
8020219
11681694
1351023
7100350
4450095
2712250
2888779
9630217
14006539
1759660
1646160
15807076
775987
9334610
8011120
8047561
3877622
6368215
5119347
11654360
9732103
14342347
8126516
12550570
9483243
13727936
10622230
5729695
78006
1870953
6639875
2862843
4879270
1762726
8952130
3047916
3398393
15065845
4538842
10932847
6720599
15580490
12668603
11928203
6396366
1396112
705813
13663299
12430910
13703891
11544712
9985345
358754
5730934
12007841
5548640
8460920
880477
14717979
8929984
4044418
4840239
6148015
14767704
3621695
13548609
2143699
8841278
15739581
7724187
12310614
1750189
913387
1679020
13744537
11714663
11865308
11326606
12904042
10352927
599245
8935297
2200636
2424918
7642530
14787884
935853
6848341
9087349
6005714
10127655
6267238
5373109
9682004
137093
5621512
12970989
3523016
6885706
3763404
10069532
13104217
11497852
10595838
202347
11415797
2324824
13301090
12847761
6764094
15942632
9072911
3167875
7763636
8063321
4264417
11961199
641384
9053532
6580031
11504769
524635
14156803
14983817
7897044
5442037
6211399
10448880
15575285
4311519
4646027
9687601
7482159
13720130
15124753
14275525
10663969
2985070
2191007
6005650
1912977
3661422
832169
1345841
6754774
10799507
5042382
1876169
13979895
9796947
14944402
4764527
15718779
13630255
13763917
10550509
9410695
8057174
4405877
5616875
866812
12993219
5242546
8415819
6611247
11836188
3581149
7025352
10801706
13558337
425720
2586305
9194495
15094944
12498978
5278421
2593714
10112405
13418891
11490056
3751974
8186362
9395794
5313956
13282674
2577649
6911019
2766151
7908214
9391072
14383707
1177838
11475164
15464891
3737135
5155410
6405117
15956164
8962991
7058082
223784
10675246
4101588
10232294
7948
8907830
15320535
13347095
398273
10571250
2631671
8072630
7494479
6726763
13634575
1128723
6540397
3254482
14482862
11885399
2642904
3879425
14545502
6561349
1609853
13462895
2176280
116387
11271738
6794353
8652844
10392728
15972483
8675689
10016600
11572113
13746629
146333
9660950
7627148
15265269
10284828
7423149
12487258
11235011
6009738
6887660
7215962
6528530
5098129
14452011
8949861
3184969
12646568
12654166
13010377
14471173
2635630
6807678
9663312
14893628
4604286
11414246
15476709
40886
7758806
3765663
7542923
7523273
14608353
1583036
14297911
2022366
8933983
6942435
14553813
11054381
15706939
1000171
14235915
3878413
1862232
2255583
9537994
8862615
5709412
5059901
1844212
10761849
7975899
13212111
14956984
4111285
3578299
813101
2362764
2843942
4944567
8655155
1242838
13997336
12129566
1573452
4380777
216151
11371842
13029864
696642
11441335
8159451
6838508
7146537
10063540
5369233
6507380
12668668
3509234
1780392
7143506
2633225
15007626
3817365
12350296
14744522
10984702
13180974
7477405
7872270
10989312
11023886
6534642
2259742
7411528
2574067
15618542
7488955
3248049
13235771
7829157
2192101
11758474
13341251
838652
1171618
10974254
15761088
8083711
10340784
5108251
14993528
3432573
7573284
14882160
9911236
14636987
9686434
15784067
8720071
3653308
1261465
10873045
2767155
9346377
4976229
13714364
6728420
12917511
3038730
598635
8228074
11702323
15054914
5687324
3588032
1218442
5802241
3947967
5292547
10505523
5107128
134363
10281097
10645385
2280839
5641023
13956930
6219769
1652485
14693359
9743369
15926751
6375827
13491593
10357656
2455714
1074533
9570730
12514853
15629975
14219905
11923162
14198606
1451127
1432824
10442218
10409617
2808480
11443206
13540662
14691541
12248421
15614581
12677074
13881391
11014942
12100294
9767920
958794
15143649
15423628
5245724
6463259
6778824
7918298
5090426
9153857
7624362
6004602
6094431
4292962
12761399
5579699
6978879
4818558
4889192
15875274
9586663
4138991
11091433
6489051
12263861
2313622
12073385
12365393
12719098
13134595
15884337
1593273
3635147
9610948
3895858
5403560
3725387
14016925
2576900
11635160
8246873
13816242
15288859
5581725
6742756
14652572
4354084
15042966
4034146
15121024
13518845
15695219
12115150
14814198
12166431
11788052
10102516
2724481
9950127
13370009
2947004
7648277
8040719
7943631
1019564
13651592
15505522
6576618
8340072
5480961
10951468
10808025
14674976
5950177
4700645
13484087
11461727
13790695
9730081
13410050
3518686
12681818
4260080
6538223
12911708
1820409
14182220
14720686
12384097
9142336
15012808
213451
15206522
12081090
8180754
10581466
5027215
12111857
9704649
9930371
8377487
4237100
14423947
494127
15796251
13937494
15523806
8012525
470794
7989409
11692013
2313347
11357735
4654440
7422041
558651
8006637
3149547
7492633
11308895
12786591
10944675
9526322
1931237
10244139
3512343
10159535
12277223
4879441
2797935
8426669
13748685
9882528
12801839
4675059
2938737
2019720
15363248
12768182
711514
3611796
301203
366086
10761185
5348511
12737804
5711114
619847
11418789
1912495
13691492
4570235
3986890
7349714
14300262
10276033
12610066
12372298
14101491
3667551
14189876
12421121
6029292
13104297
8720909
8325365
14154025
6527780
1652845
13150325
7316324
5429175
15958308
14754307
6693320
15986885
4355874
2923588
10986467
4606121
8791580
3492012
3012232
5710887
5050676
4083775
11002245
14361877
3304256
14106953
11995678
10309953
335079
6351314
4147682
15004707
1065422
10270142
1221248
15994817
14860556
13551774
10264170
11034677
11380869
5836342
4109314
8783097
7479375
4149903
1135351
7079056
4997256
15822380
12887659
2221942
15932016
3393199
7506852
11225013
4468091
6027209
13933089
3628098
5699875
3479925
12894450
5617268
9395927
8944059
4904172
9004011
11333972
10418540
3328692
15066797
9344329
11310120
1388607
5999858
2176421
347206
10756403
2907370
14106707
14035923
7908584
10869732
4298061
6903419
8703392
14340022
12653504
5496950
481187
3169661
10363555
4673898
7338134
3211865
8993189
806061
13637520
12258556
512134
4784895
15774002
15106478
10842567
12785599
6597828
14716481
8473765
5795916
12643681
10065572
6657318
5645423
9680507
11571067
2980745
9617317
9503617
2074299
6850580
14170006
12427298
4386888
15140292
9955848
7613409
6863677
9549951
1346431
13107791
13756399
5790320
6097749
1893124
9110792
6379142
6794534
4913714
13478831
6830021
9072084
9566639
14601626
4333743
11494613
11077070
6130254
12790306
4055312
387858
12414561
11899035
1716393
11168697
1740876
8976280
11384408
12590133
1286317
2563103
6448619
3186989
4426090
12019652
3059330
194693
2731084
11106498
10747472
1036664
3296559
6893262
9167559
15435312
3550058
13533131
7157728
5752864
15033324
11159116
1995696
5306979
1989226
4190954
7326660
8346196
15205878
5537980
11766965
14552821
6057128
8087841
11437079
914527
8135910
4812081
4518504
11887645
15929824
14932321
1320357
3958938
9607515
386347
7367247
435108
13508317
4142429
2957678
6215443
14591847
1328664
757197
11734229
3269412
9411859
11861339
11148993
4614605
11541745
4445006
3675659
11103839
3772300
6579040
9031144
3044388
6496173
7572142
12494512
15748260
13011115
8249644
4122285
14979920
9423069
6791731
11264804
9608050
3396502
559092
12955029
4802706
12931924
9107516
3195588
2086246
10138445
15686467
2181071
8694180
5105370
2980890
10056567
2587523
419082
5819585
4951332
2957072
6961829
13839002
15667932
2423470
15963542
4124991
4643984
12278946
4545652
9232811
7838469
15570336
14621468
3614480
14569521
9222136
12075554
744360
1041482
12438534
209796
13592260
12721088
2547577
12095939
12584276
334016
2745402
10681289
6803923
11432276
4465482
6264180
757013
3825040
8777786
9402559
7116110
9579264
14790633
5511663
9763645
13757781
5091361
4419303
3461761
3974540
8511066
7275012
11540341
4092997
13496249
210978
7632633
4878613
4339279
12543125
13419283
1489043
5111520
14819113
607956
687949
4151162
4030769
8210517
575393
15795545
3811446
1226087
2014084
4249998
4426130
4397891
2581427
130388
2626476
9473902
1505521
2923589
12152286
11458865
4936337
4550247
569970
866193
13952046
6812724
1266527
12498869
9053873
13661665
10240956
15455638
13612782
14274275
741492
1158199
5468051
11392267
5447532
3018925
361685
2904893
7651998
9735173
8253095
7767858
14276309
8563638
4144739
5377703
11629241
6421384
14636213
13013455
5864264
11932301
4525871
11414377
14705792
2091313
14595515
1572635
2159101
3609661
12643231
2639264
6697130
11944672
8418161
4813389
529505
12352563
10577617
2489435
1832741
2378082
3569952
945653
721748
15471759
8312583
2394685
6129469
3487804
83506
11287483
11832656
3804697
3924681
2417448
9281961
15205669
14792134
3133599
196581
5103223
7059081
1182271
9498755
468830
3167661
4902353
3950599
1116720
14703205
6761120
20852
686929
2187061
9983107
7430936
338701
7876192
4649025
14986762
7273622
5646338
12371071
3664687
7751373
6116809
3836754
1442567
9401413
9878660
7659326
8846838
3483201
13213082
2785288
12454136
10245695
8288628
743671
12099716
5071603
5254050
15081836
4621235
10484238
3572845
11836064
6192856
12582896
15509678
367609
13796845
523884
6524802
5360518
5560707
1009451
13549530
11368574
10990331
14881705
11437714
8035774
6404084
5597218
3059809
3479163
13370170
12955230
14886442
1809530
5316343
9651804
8552082
13513465
6697894
379952
12752276
6806887
5928592
8284758
1684839
5165115
15359614
11471264
15436942
7637018
7389735
15940579
1673197
10849236
15064701
2408617
1127043
2833709
2133876
6709707
5281730
5699817
9747764
9132271
14665947
10295877
12097570
1208920
1315586
952524
4760043
1525098
8676710
6977353
7302659
3029847
14977133
6173963
9925980
14623297
2679430
5906742
3275756
11932522
14872484
3684311
12549332
225383
3919156
15304431
4751664
5754995
1845680
12518727
3934653
3661673
3752624
10500162
13412425
15748379
11396200
6030961
4385656
12880257
5494668
8436705
1002228
3686392
12400326
2454494
15340586
1324419
664887
2589259
10283984
6505527
13137566
5947015
2396173
6612606
14731625
11372093
4372364
11403606
14167920
14353115
6321131
12909758
7557842
15153372
2453404
9393234
10767640
14671306
7141159
1941561
4067795
4671183
7951488
10420604
8335451
1721277
8787029
4308691
13461416
14366207
7758978
4509658
2994852
7384414
8047774
14963806
6044927
11930328
6947295
7072081
3963293
7480407
1736288
15790859
14249349
8969946
4378271
11372845
3489623
1422942
4269879
2933465
9512797
6045128
1106592
4026519
6214815
4037062
876908
1390040
7609195
10981374
787436
13912099
6511429
9157502
6198149
13159630
9293804
7885423
13808162
14733225
9377865
854499
1067885
12863799
13117721
2852666
10775312
11579541
4774007
7321773
4769922
9826153
4736238
4549510
3817878
5115370
48664
14641710
87183
3662604
14505717
6004508
1446008
12621087
3083637
807818
2472244
6424909
9366534
4734590
9605839
1167194
11005809
1360876
8455977
12695175
14894599
7137030
1905418
12565912
7504231
1365568
9661342
844379
2426481
4683818
3430872
5220527
6272761
2979219
4265042
3813237
2754130
6092079
15146286
4668138
13560629
11451396
7121015
13277594
10265787
8663988
1215111
19660
9269512
10363863
13042429
2670741
13576793
1667680
5959773
6847541
4812771
9786920
14593236
5734781
9383754
14946983
3792208
7120066
9865955
9183440
1700779
9746709
11987391
6452911
766955
10357168
15797921
5527206
9351782
3108292
9535894
1589056
3767224
1815400
4283529
1903186
4866083
1168549
7947071
7309832
13008650
566022
5431235
3417265
11606643
5051703
6336665
4711822
11544964
9010328
4151176
11156110
14773858
1391810
725131
12638691
5221448
14599274
13424070
8813331
167350
8027678
10427289
432156
13257276
6173497
2526768
12927730
13378412
11927820
11394235
4317309
14511570
2398300
8120040
1534402
15489913
7528589
6758924
15808961
12692747
4838025
7861950
7197399
10874878
3595338
3513731
12836208
3689517
10870076
12289250
15164393
9049328
13559489
9047424
4280384
5542407
10920725
362386
6812916
14105136
13484764
10055128
2987140
15038517
11032684
2671603
1528867
5147695
6270361
11782175
9193009
13865363
9383942
14368644
11288971
9557941
15860853
14608688
8085247
3853844
7624776
4029625
2635936
575782
14186130
5217677
819683
12676804
9114509
12174828
6033019
2295727
760217
5649344
1367646
3784701
4008831
10393467
15651644
10123403
4439879
4993978
14514567
15144270
4553863
9287472
12170659
13810938
13275683
12628587
13102547
2810363
3447956
15481250
14478034
7905773
8544941
4365439
1061832
1868874
10469587
5743392
12228490
14609710
904492
10318130
10455282
13141667
5717012
6642368
8391065
13330185
15701148
2293220
15215488
8844989
11284073
4927370
12773664
4459495
10726478
5138737
6799004
699498
3679740
4052201
13703289
14026460
10447267
10579016
14899839
8932396
11402551
9397409
2196767
3228870
10986006
14596404
8374643
14172424
7251974
8421693
11421512
313510
15194274
5179171
3282602
6552813
11671960
15421260
2204712
10943365
12603383
4127128
84929
11177332
8157944
4330415
7226755
10494871
13291662
14202409
1857357
3322573
6802142
6153294
3845505
9109987
3004444
7520787
7538886
7577542
10485629
3062722
3191038
3416805
5675889
11024109
13763665
2421448
6013973
14851075
4256995
6110499
14223746
7832025
3759978
8041333
3711906
8941695
4193355
13374783
5764569
1645230
13210543
7017363
14860088
5632032
7968426
12485174
1390250
1024219
15827617
2883642
9691016
3046061
4669393
3181875
12024073
11415329
11900082
2231241
2744891
15455026
8585848
2995689
2079932
15075431
3544150
11931087
809084
14502607
14272386
4523997
2819364
2487479
14300718
3152527
3824695
10621049
5067236
6981577
2693962
5241025
13001389
11151131
13389695
4102260
14079367
6848988
4706752
8755512
7642986
4687726
10097860
9468891
8991654
7592116
6501766
11845278
5959327
9393939
8055891
9745299
11938892
7499984
6970541
1103954
12591961
10206978
1426946
5916967
10267961
6495403
10132564
954734
11810353
7591664
14948859
12221040
559257
10911972
2362747
4449057
15559542
7843908
1303276
3484265
9651451
1922446
15810786
5480131
13297260
2075580
5021439
8825544
5791347
12981729
9968638
15421929
13035638
6267033
6718253
13617887
1831866
13633361
919784
3821862
4029799
10008196
598314
8342608
7137573
12380475
239657
13700973
926517
4237369
11617503
12628846
5931746
2310857
9230225
8511284
6146082
12943642
13344310
11224193
7001465
1206723
5452422
15612836
4544037
2285285
15058706
9020723
9940426
10382433
9399383
4571279
12171212
1242442
6810252
490907
1337925
1573742
5248013
9511431
6934447
6933652
12329329
1751347
268913
4073064
7190665
1372972
9341059
15937001
9989875
14548485
15609779
2760443
12078450
11028924
10331223
9025731
6161569
10116398
15186578
11132026
11493353
10327245
7817904
3233071
7112121
1164719
5449681
14428164
14375185
4298591
2641512
11420004
8767056
9789655
1367848
4903640
1077320
11131542
12749162
4313842
15372313
12579051
3295087
14677405
2673718
14630728
12867617
5933660
767925
10560996
15903680
7888970
8493306
7427571
3247524
5907012
8197921
6504146
5975108
5834470
3978184
9701158
6490039
6011533
6195527
8181460
775202
1010636
13288636
12129074
10490735
13207239
13606971
2507356
10015692
9699238
7876877
5559706
8055995
13103382
6397387
4333736
15782543
11790172
4167364
8115920
3112688
1037124
5928523
7267096
14502243
6747500
6674481
290170
7535871
1473644
10558770
15544183
9855037
15194725
3882247
8400247
1662831
4297729
9947159
12797352
12347415
9652671
10596966
15431824
6392333
11018368
436363
10710764
4280520
15924410
3570397
10410340
2863337
13812986
14428544
13558739
15947905
6077966
15331782
7809098
12214628
5281735
9937784
4467110
13017430
7668871
12721029
9631296
8090457
5808242
13060556
12947221
15782095
11250809
11968665
8668660
8417425
6867846
2002241
4683392
910538
8263155
10367593
3635141
14761232
6414370
2632057
707262
9963391
8091962
8674020
5976051
7494063
7179135
12714414
15420065
11990320
13588623
6921756
2719623
1108784
12854112
418690
12660375
4822011
7131497
4151997
11122058
14134830
7457876
10817745
12597285
4545744
6512290
13964239
3348649
4690977
3946562
1238926
11736075
15669745
14122616
1507532
10147509
6630317
13146790
10988603
8300862
5083841
10280502
12082402
8273363
9646364
582979
14729307
7363001
5778551
1813653
2102375
15989616
1011256
15128076
5751739
6187034
14202954
477003
5294766
14375123
12187093
15069820
5273735
14030657
12728263
2758055
14864202
9020623
11413606
5571980
6545705
9658517
13948940
8370923
3522038
1032218
2308544
2989147
7701873
6312967
3959339
8528641
6466174
7289572
11466232
3606957
15979473
13161681
2383214
4957845
13836768
1774078
8282948
12888513
5574104
6528763
7293237
14587587
2551536
9883718
7024669
9865842
1096871
4910945
8950686
12311590
2426585
13172037
5886912
2169041
10271367
12283239
9050526
10700962
6816269
10397214
1573474
11090249
13643835
15112301
14073497
5704398
6136290
5687895
14659983
13242377
6143632
7041663
2935022
2315676
9430502
8203490
3152786
5015397
3629956
13131631
15708963
10667264
5571562
6607954
5880462
12017380
4849155
2582889
11330427
1781593
8336953
9366307
9028358
4370107
3309457
14615516
1935321
9243409
175436
11353767
7988733
13598173
11083433
9989547
14651137
559128
667476
12138427
7033571
703834
5766292
1077935
7905558
6189620
8201539
5067617
2570299
14576263
13280398
4202904
5202678
15868309
7692000
10266894
15886136
13180092
14434063
2329491
977679
1968216
3001206
2336442
5000780
1297172
5193008
15528043
11438234
6295647
15217654
10141581
10834417
4839855
12899890
5523188
11262149
363009
8454984
4914867
3050920
1756267
8878886
2935719
11168211
10913634
11495708
4457607
11518474
6839607
6477398
14612123
14222979
8015144
15319669
4105612
2288163
3852728
11245430
512859
10801579
3660759
11978046
13986860
11330211
2883121
2901937
11351842
3275756
10269110
11938386
1114166
1271815
4620629
12067321
12410610
15813810
139155
13840278
9503304
8590675
4513067
2435459
13403911
1228962
1591609
1638732
15527206
8626292
514847
165966
4372261
2704610
10029622
14884829
2907078
9223060
2815698
10437154
1409897
12739272
11361345
13274644
13565843
14285559
15426709
4786263
10332271
632083
13801889
6476510
3652751
13117437
7546575
7074154
8389058
7246993
3975201
6096300
8572690
12072709
1001798
12952914
6028562
6419152
2487214
684588
9477292
4577571
14219553
9415962
4032375
14974703
3123347
15224467
12418987
12913444
4808289
5206600
5723157
1893796
2166820
15488115
1670925
8611816
7107602
10286662
1367422
3512076
9139655
9277185
8913032
2425633
10950438
11024043
12045130
10490135
14376392
10244213
12226040
5950242
8601586
10325247
5802609
1497468
3132443
13158708
3431396
10664682
2185870
643867
11714976
7481560
12958387
11069434
2863975
11879786
1039556
11588392
11968741
15680268
3297915
6966731
15072611
13283956
2261950
3479986
15580373
10428044
3582065
12127986
11435310
9995952
2086323
5209075
7677831
4884925
685479
2692412
9122400
9542489
11663822
12402247
11330040
13805779
11367779
9826025
4122236
9117405
12207626
3028669
3745212
10024564
12180731
88396
8555670
145501
7100372
9173688
12269879
12603816
11807798
15702142
4350284
7594581
1754620
6932963
10458331
7680676
6447596
4338201
3816786
10279898
1726284
10670243
143635
5709298
968055
9266531
5494526
8786954
816707
12358496
3341150
14990540
1192131
8963374
14720698
15905418
8150992
13034014
8888938
14433033
4934331
13924787
9296135
3978937
9170223
3466625
13980995
7435562
6982514
229046
7834955
455374
10676986
6295948
15307372
8000906
14462876
4367927
10562834
13033973
10584076
8965330
14376822
7417112
7656469
6264859
15671995
370174
15955465
1683041
583690
10868987
5656966
11410545
8768200
2387903
7926688
696138
15830298
4761841
6717404
9264594
69972
2625415
1786119
14100506
18828
1214525
11922387
10924296
14977663
1157833
5464732
13129932
4658497
9900619
13765682
5845473
540112
10814522
3515339
2525239
10515133
5168092
5529775
9778059
13774841
659595
3862986
12973134
8872740
6777458
14089161
5582328
4495717
2148806
9644819
12025519
11703138
14374275
15679140
6526362
5090548
12150815
15911074
8553930
3669491
4482857
7836516
14979270
14506335
13274000
11729961
14960998
9943122
382730
4509649
15730708
11827365
3194055
14609918
2680347
11579260
7536244
12825274
7964267
9161673
9470554
15748150
6812256
14338050
9394456
13575451
4974361
13946303
11526013
12220979
12557122
11967369
5104890
12593959
14539782
9716283
13644109
14884801
11656967
13582442
9288084
6260075
9154470
3812722
2476597
10936085
10884145
14992850
13785434
11224179
12883297
15225146
2403289
2572038
1007206
12926433
15367609
2299629
6414525
4738703
15060213
7942716
2316559
163279
2701034
13386090
12034801
255720
1501729
8662947
8892027
15423614
11245058
1899222
8549102
10662660
14412779
13441691
7633743
9107851
12989321
3948069
4491068
9154353
6861790
7123253
8967614
3761696
12449964
250213
80639
15850703
14104000
12429023
8673965
11708141
7344736
8682581
923533
10676789
6792074
11867796
2242815
1993461
3293513
3135546
5415365
2802702
15663206
9469608
1497644
445570
11898051
10156018
12255429
9377062
3975760
13303842
13897632
6348202
4297293
4291382
2453921
7871846
5152528
2655471
9564779
4601522
9188331
13831216
12149377
8606232
4699541
13402299
9150989
4679057
12991090
2247851
3780346
11186907
6682720
5250348
6238251
1031737
1512363
9757649
777844
5307249
5865484
13277751
4017314
2635216
4912827
14058604
12667080
3735202
14186952
7585129
1509221
3263947
5816959
3242514
10277313
13429246
2377537
12392236
11233738
10580938
12581236
9137101
15769596
8238170
14762137
1901689
515210
14370742
15835484
10140059
13485251
4262113
3322719
2301790
9332572
2490000
4020443
13136131
7321047
5030420
9034799
11017055
5675825
5737464
547234
6745796
15651831
10652300
10458272
5208806
3835186
5259159
2554306
15273010
8414523
8294006
2032352
7106287
3720137
4345561
9194723
3101049
14595364
2765702
10265658
8822395
3392417
5958874
12329464
14484088
7342116
7563093
6124117
11781874
6421144
1442907
10400466
11518277
12078602
2029713
14126355
5725079
9501246
15634898
11838749
8723949
11755400
5775020
5226087
6435799
1231077
2046661
2601423
5904884
15031243
12601348
14048919
6437273
6309665
3611354
15267280
6288679
11657989
13726654
337432
485777
8635087
13707498
12929990
5417857
12275603
8110836
12855877
9379831
5596732
8454344
13922356
12925050
3119294
15048785
15696896
4763229
5762107
4292454
6553560
7887907
13864750
1322482
13178544
3147448
1728794
55035
7986059
10160868
6231746
4071563
3041669
4348030
6032555
15102650
9342712
12764789
15066247
1830292
7615204
726989
15946992
7897157
3703125
7450818
6473735
8936147
146575
6514071
10861335
5444478
14622701
12070556
2755200
964804
233224
11567716
1568561
5500627
3978432
14310318
2376536
7228913
5718171
8134890
10252782
3899622
8934129
13470372
8086830
9083511
11841969
11537565
590214
12264209
6424491
6992738
15755375
7466634
2983861
172390
5359000
15037979
8552248
149548
3609315
9205277
11406693
6702546
14913679
9006371
2647389
11581082
14009838
3123124
13487988
13480496
15024996
2638258
9166329
14665326
1280032
6678894
12108850
109208
453923
7964193
5332607
8267904
14775552
5069456
14037679
6245755
13665962
11518740
11450684
15828615
11744146
3953121
5653297
9825526
8924512
4359659
13932585
12345002
13833035
18453
6328249
9992352
11542362
13889734
1793522
7853795
1664518
12468698
6353553
9755990
113152
11451620
10558428
10531243
8591709
12496397
647476
185868
1443889
1151681
11385965
15298109
5326373
951708
7385499
14238216
1506121
6087670
10117535
15379550
15740175
13850150
6839158
11106535
6904877
3371718
5864107
15119044
14491407
8266003
7132484
15444274
8695851
6172507
9530867
5035499
4319262
11152069
15609927
1150131
14079901
3249020
5205434
1011272
11498853
5622850
15859166
15406192
11723041
6681625
4469106
9197123
9228212
10912415
15295946
10893796
542035
4037202
659546
10277752
11960902
3294611
4800686
828810
15914444
8099940
15984814
4056526
8329884
5388002
12924660
3217055
265880
3181942
6126633
11502630
15907954
14189020
8239992
7783929
3323191
4594926
6104401
13378267
6546699
3663557
4347312
9575430
12017715
11762810
786709
9859740
11041799
6345981
3719944
15267751
9765627
3874172
15278245
4661985
5072187
7443483
14130949
14728986
12110195
13826500
15482489
9432309
13488332
4353980
11025972
14926762
5390197
12441483
44650
6922961
7054352
156389
9494440
4243958
4443981
11241367
6489997
11422604
5757410
4383274
7039997
4011031
9344441
13661543
8105451
2333374
2951338
7832002
1934999
7875261
493996
2082137
910588
3252448
14187320
5883123
2907714
8253504
12134280
2977735
7941785
15247162
3804705
2853596
7892075
7959777
15824157
10019148
7212208
13192034
4535827
15844212
7531403
13917005
8892810
12499723
4491589
2948953
15058680
7932823
2232393
5934672
12401207
5362410
13500516
4176075
14490986
4259323
6504698
13204095
4967438
5287948
9992944
12160657
3775847
13203180
6780903
8241003
185505
14139251
9696157
4993451
5091135
3536912
1947681
14162601
15966032
2464823
11376514
15444472
2082966
9032017
10840262
3803732
264798
13854174
13649140
9109050
8303862
15308780
7626281
7999449
13209893
3335305
1247068
13990626
6424493
14969179
11089203
15540422
3526631
598911
9777711
5558360
9720907
2066876
11880906
8118588
6290790
11284815
650997
11647197
7199917
1389868
6951018
11867018
10620958
15124493
10556792
4851971
492710
4264330
52981
306146
2701712
8925747
11973113
12225289
2911264
1002289
11471901
6378042
2544194
9044042
10515604
12799709
6369288
6485711
13213776
14713854
14412140
15273860
314038
8320748
1560735
14449404
11651615
3740647
6879126
7898557
7070182
6340863
14075922
9029309
7197833
13305575
9761291
988593
6518842
656569
10539937
3128246
9327465
2857307
13244034
9901647
10726904
1080451
991443
12055354
5826200
11614304
5633423
13352570
11517664
2490618
15136523
8655287
14976820
2315678
9487424
10236763
5489762
6966593
13869163
2801132
12325414
8024633
5332299
9525498
13257715
6247938
13103643
10473750
15954804
8297388
13747135
15387350
1325233
13944061
14812978
14200255
10533187
3540105
8492365
3521769
7869283
1652900
757325
14644603
3875539
7291751
3910025
6882634
10665175
10359150
2155289
5123109
3587581
4349818
1216624
15562657
7553623
6627643
532708
3924340
9887541
6802304
15332184
9408742
1766655
4863134
10868944
15213515
3448476
7697157
10278931
10957700
9629004
11579082
15133490
7148553
6737127
5736229
2608911
5691506
11557678
9301751
8785575
10828333
3342113
2247013
3450674
7983307
13221938
13133188
6663220
8448388
6951704
15465499
2398408
14436331
3363286
11993301
1087787
3484999
10075805
9385804
3487006
883467
4545116
12047233
326036
3140682
5264309
11738571
147809
3677747
1170011
10189983
9794021
15024926
13475369
10302760
10971820
8104577
7622103
3594832
6499949
8908932
1114837
929084
6004935
1973678
13635073
3078224
9884774
15639186
14464402
5245193
2311988
7595746
15156376
15491666
12912838
2728130
2542361
576973
7628343
11461761
7912816
11908175
9232750
15274877
9460094
7674776
6719448
15086079
9425456
2276059
7785254
12448613
7920960
6142498
13446485
1932819
15576340
4646510
11106613
12087511
14094482
5683153
11843227
3974159
8746115
14213384
7186955
7288343
14406137
7519108
11959532
13811538
5938288
9956703
7323029
6784680
13696758
13961459
13178944
14010918
4514638
14641078
14123297
3515897
5156894
8629273
7500061
522638
12426715
5771850
14613622
1842389
3883377
9837370
14900840
10828105
1062567
6808074
15661283
11560761
13243454
12669655
14000206
1938702
12364903
5222235
13496098
10145177
12442676
4725428
8203334
3856647
7324735
14102477
652169
14544151
11582890
10526288
3077934
3874248
1918782
10930388
488204
15898327
14628928
11220947
12261447
8525349
6873790
7299323
13714546
13085340
1355691
14629474
10193859
5399653
12824052
1234329
11014661
2170684
538869
5152743
9260102
7821257
374248
12217420
9151158
10208029
2678109
5340605
14290872
8663072
8463331
10911100
3471879
3717327
8128194
13304079
10699854
14201128
12074724
7956913
4189609
10062769
6653539
3268724
8441683
973202
2468391
2328814
15416191
8341768
11631007
8469227
5737567
4499359
9379896
2977115
2198990
7646641
15198737
5762597
10065185
11977746
6729579
823980
2850186
13324561
14919268
14227989
2111291
2599979
8952800
13350361
13104024
11868575
13760769
11616911
6509229
8304952
8066921
9701060
4626092
215572
15206496
6836075
2320033
4709112
11248177
5312165
7969681
15788410
14045559
10033879
15050270
1802263
14043107
4699029
7884366
6587113
4820926
15550806
12028790
6259934
10552056
12495891
13273640
5562435
15922384
12998129
458701
12703848
593130
5168483
6095169
3722042
1025256
6861892
9815287
9506122
11279645
14472282
5822289
5714197
1966031
15864191
4167893
12007275
3992696
5128529
5412946
12870038
14919261
13406079
1626463
8144932
10723530
14856302
12566429
10859158
2619007
6264639
4921947
13096183
4402356
9572773
5521435
3484559
8541807
5173947
12197070
5004729
15722401
14619608
10472289
481988
13128061
9589259
13988185
8175284
12231393
5186910
2963164
10368479
10578941
15393028
8845149
5678974
7550995
3121124
10472227
8637551
11863900
14329744
13542800
7476096
12440349
13258494
13694034
14483074
8730455
10324808
12556094
5844180
3892475
13123091
11790016
15691953
5338475
10820086
14856015
4161174
13679172
9717281
112122
3983977
1982763
6575113
7695787
12358192
5172513
13503591
12359764
1281268
4862704
8539778
5522248
15628146
4563821
8988973
12823230
11514987
2903747
10575934
14335107
7486111
11875491
7183860
13369040
15544983
15995888
11964589
3517273
12893828
7344891
3548098
5817721
14183026
4946679
737975
13058988
9273325
5975147
10118701
3755559
9971987
4028032
3756122
15667833
4334240
3834327
9146321
12935379
10037686
7220522
3934174
10838849
6187276
15894986
2555201
8091359
8007752
5837143
6723413
15939506
3947110
582728
14238411
11232078
8610392
10810241
13807038
11791039
7565977
11367750
239457
12844868
49378
2247326
69502
4579229
15379517
13235543
1796508
3726818
8438366
11196846
15627369
11821091
6733487
9974849
4859953
981154
11422988
2750843
15990030
10217026
1965542
9358953
9504
9347530
5074757
4757848
11353321
13185154
1613728
3991748
7186724
13372592
8592384
14295584
5754944
14367548
9299031
8219307
6512657
12949871
10698329
7241213
138418
10282989
3474229
2296363
15500050
13612570
5842440
9106117
2748318
2195605
9941117
3770897
15517616
4189415
14393502
10402493
7797202
4320814
3106428
15923409
2857015
14982696
6334609
11489561
11627411
74437
949990
3893055
15722466
11052072
13262108
526778
8382074
2721280
15670036
892945
15931456
2822980
3125185
11066979
3032699
3911222
7646221
12004968
15433682
9123911
1084296
11394563
9455666
4386504
10961854
7726911
11783119
2522882
2226064
11969647
461461
5188384
1596430
14928478
724931
5654282
14086410
11143242
10009088
12750335
3630271
6226194
3858355
6229255
2193746
14585728
11310273
11029430
12480912
3347440
6146198
11715326
13275825
5903278
3817943
11420445
12474832
6640562
8449190
15916971
6956073
15993511
5973295
7232953
3330428
14525811
2792317
12307213
4897080
9716021
4875707
15167057
8402905
6058155
565078
925556
8425806
537499
6798255
567045
9811305
1102801
4507300
819413
4387145
8833334
4761188
11788931
4793960
4896376
3478907
4044929
3295632
9195570
4671988
4724817
13531509
7736441
14604457
12735506
2890649
14395419
4599511
15430674
9231430
5590139
12643303
9641839
14480422
11742564
1489750
3749617
15835934
9310028
7016339
1282296
14731956
7185778
9635277
15414364
1700621
15189907
10068051
14178600
