172192
40696
243168
145843
191506
98903
150425
174045
1735
43253
99372
86978
79164
96983
109848
53449
57735
11466
152270
119798
132735
246903
199099
113357
182877
8266
138632
71339
148250
10543
188587
181827
102442
120797
85198
235492
26388
226960
153906
231580
117055
208066
115014
190969
211233
99257
90990
33684
151238
235255
46589
7224
122323
175381
71921
49701
66621
109382
63397
38601
239401
214797
67161
42891
81390
151172
143809
201702
47817
76229
161391
17578
231977
163890
34812
51859
177122
116359
63969
93272
10345
48732
212875
136915
170866
37731
88239
151412
15154
39177
89952
66555
152157
139686
236743
16681
150683
84621
135216
248339
110500
194758
168177
234224
127438
189116
121640
230686
153756
231745
165322
64089
163253
211478
88291
6560
168966
160672
17197
52811
39198
135116
216230
60069
19950
106060
233530
178362
29541
32961
142425
205014
24452
128789
50669
193114
46859
204902
87869
65933
69203
150113
48820
10042
6563
139192
15079
214825
69212
173955
232929
155417
23766
7309
23125
111099
127825
237957
107441
116835
189940
99846
24429
196544
223991
86647
223447
218893
133281
218355
101109
230029
16216
123190
150127
101320
13630
150260
49316
125581
75832
146402
125865
235151
101375
76670
171704
195087
214386
194928
149897
234703
198785
8667
117288
50688
98253
55960
99079
150077
98370
75392
127989
22983
193107
99596
96158
127620
92979
100924
139311
120027
62491
186828
155040
122360
75887
80892
7840
165460
81560
103769
30059
16797
16393
127339
219337
77497
179890
126740
28499
199004
17943
124825
210185
127888
128833
245396
5556
183137
52875
216240
167685
1110
74940
71121
133224
176878
28577
98540
90489
245700
5867
59018
237780
221657
161254
205107
45468
1411
17345
166707
200402
93785
192751
120951
240180
235418
207413
115995
226021
115907
125945
240375
101692
10792
206550
34964
94515
103481
72033
134916
47564
3523
24329
188615
183551
188585
105231
137919
213892
34837
216200
185131
233522
85639
234410
51071
235749
36849
49080
21541
117134
189820
49332
178057
181764
101435
13682
187400
74105
130350
58983
117648
239726
198290
74610
134310
42230
15352
87126
192481
128497
18349
62596
213017
13557
100280
27199
167877
178713
55872
109584
249099
224208
131884
34276
97033
61678
112377
183449
126575
187205
148078
128309
108864
182278
95924
183145
153114
128313
165571
233337
2062
52297
244807
82776
59037
35476
188680
4469
247444
194240
82454
18428
56248
93915
231295
114885
42557
196216
237011
63949
141892
42527
222225
11215
107405
63598
155917
43214
145921
49842
78465
169254
126060
41625
108074
25281
225243
216190
134924
105311
175153
164078
164837
67862
21670
21353
161781
101817
99879
170858
121137
247065
26009
136096
80557
179141
7133
21161
29275
141275
167582
129952
167226
199634
187475
44815
228561
89320
214108
99762
41826
161033
118431
49947
58526
169402
156
101594
242147
63904
182988
72741
179877
167533
68742
226214
13635
117634
119834
163233
103435
52208
213533
173640
17876
32441
148905
46636
2380
55739
191781
188778
86211
58173
175223
63329
172992
111291
113099
116326
20774
10057
134618
224270
45334
95538
55612
104251
42999
25198
162898
95866
25948
26047
4967
18243
249807
168140
139425
75914
76023
180580
216871
213099
53474
177239
167452
59216
248738
231702
122782
82761
71866
28144
79832
153127
215585
