409054
28082
408415
12989
304672
152010
400065
16151
136228
447710
114160
295304
443268
202183
440683
280605
138085
171296
312850
366945
160124
268297
129974
307163
190244
285686
265779
233779
198566
460867
126339
163074
352172
402760
220059
173790
170621
74992
434338
135141
277395
283615
146665
277961
304465
60427
427510
281521
79904
197243
290076
88588
470818
255059
488147
486138
143687
406701
414122
295435
41274
262903
76794
58783
471103
199834
421410
11346
479982
271613
205700
479825
368827
321298
242736
259510
419530
205312
5853
477614
188107
122865
252517
177866
393530
40924
372753
31753
342643
151427
113619
99796
341274
189154
447363
67687
142381
70975
121156
250940
425532
479241
17094
274697
441615
280064
33570
202497
300784
315943
79455
16175
185536
483761
145376
31441
293785
407013
433840
92088
416150
409049
281810
312788
417488
35686
182240
140919
266414
181749
20718
54558
21846
291927
38418
236272
154035
360582
169912
79584
414064
86616
99671
307028
73592
383779
148130
139734
30277
439123
126984
135600
415069
383728
15375
420873
300959
23862
120893
11072
62201
356500
167538
47078
100476
456029
318583
136706
344428
322797
327372
302392
37784
146560
224178
255610
12450
425772
142152
28793
365600
230042
151622
393419
179910
452845
88550
220436
7405
166979
297555
440010
328722
35458
147326
103232
23254
97942
41426
114239
303529
82446
383494
242961
186237
120474
40772
126560
485793
308452
128079
102314
128454
282550
381529
193572
467401
11399
5520
289477
44610
48155
368585
409753
225352
334904
362677
277223
371507
288826
127636
283709
274919
256119
423956
242475
382873
361039
269801
84564
227196
227536
71547
77788
256139
435751
282274
31769
275495
357334
33969
71560
397020
488124
224344
4819
401472
365753
335366
45132
469866
380631
97260
461226
407612
341174
405692
265768
483878
278244
107655
381720
333149
391011
310484
434631
24102
159649
79965
370680
364404
349917
373183
431399
394994
445567
401201
392618
119225
243840
469030
112303
476323
199112
87183
80137
34695
207336
123833
119417
380987
142163
373888
125077
466862
72517
173822
167173
55189
231646
145662
440661
194899
367651
359669
223237
211352
325109
331246
146699
351044
33055
85769
435289
143158
48447
321518
276006
437844
489372
96112
195354
46841
190791
429052
269745
480737
111737
43584
108804
52347
19784
465710
74876
384302
293734
184683
7256
303580
317262
112286
376335
341382
417317
299177
26058
234042
450522
386672
319702
110270
280129
308235
471360
59728
28762
59502
101802
289650
134821
98510
144149
25664
1309
112617
263273
48114
191533
133943
20561
86500
110327
385208
245626
236688
224691
330011
482448
200399
60847
475451
28801
63784
138625
451264
56954
162027
337563
425231
21072
287785
317578
95270
385011
390012
1731
43895
277420
488794
244137
360061
448850
243423
74546
316338
135341
246091
321610
8256
119315
29807
421957
314709
267741
93137
398722
470201
202476
455781
355105
458863
174697
43182
303970
242361
322264
165090
416276
235042
321473
26688
288599
311722
442199
411482
335072
52861
270045
69835
473899
188133
114055
231583
341951
475953
236581
32630
465048
17253
449997
121502
201705
324031
14510
256312
37139
201533
297551
439213
186793
425303
29420
468081
242028
46985
199323
414977
485111
328953
303582
91653
393202
9735
223531
186266
370674
160109
15865
383683
8427
21919
288784
474808
357717
125103
226724
176269
72442
461976
9155
160818
23886
247458
60950
222452
424562
209725
89310
47572
245698
56152
94859
16102
190088
482511
6597
461159
16481
45749
114041
91997
416556
403583
301699
405542
171043
344739
336456
126618
138951
218418
459726
339228
433401
275026
389679
363066
291403
207452
350781
444359
460792
170746
238271
474150
315997
285009
329219
19527
125127
482726
119991
284428
226665
273300
358914
257775
326111
447342
246242
142444
449933
14015
144023
448583
156916
255606
371
17620
129118
463079
176293
21338
312275
196062
407979
360980
153097
189081
383293
231960
468912
171863
204775
399283
287507
175831
412758
6988
454912
244707
219741
14489
435651
288383
273145
475456
163111
469248
145207
192681
195369
172814
280570
457252
301843
168459
47041
67124
370926
225854
247809
246121
198406
27858
65319
86617
179366
106497
325945
232370
345607
23750
216381
239232
222725
9877
62057
88633
121844
131769
316256
481919
121818
431200
142611
430192
94943
360751
455124
416968
386851
27331
262579
403517
53551
420034
119807
109516
473304
472361
97571
322183
461451
396991
414134
428535
391908
312804
268173
119498
243120
69134
122703
368802
186611
353617
221918
149786
234684
80772
252834
84792
343873
250477
22157
426924
129744
44792
309319
378202
170533
253895
465898
147102
445971
153185
332185
84218
342888
399848
236670
317593
133080
46894
88460
88269
111071
141184
223176
