6796031
3600069
5850694
84362
5155315
5265774
4472638
715507
7362264
6874233
8661287
7100370
8082877
8020585
7326295
8211396
5821532
3595270
142530
4265811
413413
4686576
7240620
2303685
6239417
8744015
4893938
6451727
7625756
5464737
2383684
4265818
5833156
6956414
4376691
4531939
7142500
5668208
1233579
5071612
6441422
8937465
5273792
5085861
4948648
1516788
6168644
2864973
5991226
2832420
8638002
5217065
980120
3372511
3107164
1818414
4751468
6535693
5799191
6385683
3804393
2212603
6366455
275447
6298173
4828177
1610383
4217855
4754094
6720321
7527566
8281111
2727700
2459029
3121025
3952642
63973
2549032
6188230
3420018
2301587
7748262
2125179
7249553
1955915
68720
6142485
2540935
4174839
4796245
5775243
8995812
2491660
805242
1781428
2667998
4561438
8064642
2009266
6341196
7218569
464470
4585477
8226492
5840786
6943133
778209
6245906
973955
5779436
847957
6177251
6686880
4388438
6581691
2951116
4862649
6350897
1812879
4800358
6907257
2033261
7055470
4563829
5229002
5285823
5396459
3240965
4107772
682728
3117643
6601775
8661185
461654
1413964
6489164
1457956
7106045
3658449
6962488
6254796
4483758
7958199
2131228
6018942
2530746
8126025
7707187
3684171
5828453
8298855
7553593
4143182
5965408
3818268
7673800
7327936
8255848
6943078
5048435
8784408
3262564
2912024
4080934
4544605
6704216
4323067
7282043
8820951
5865152
2035100
7478035
4479758
8824929
8497034
4141307
3364113
5047887
7185548
8752936
6806397
7839739
6868912
5329149
7211768
8198364
4683012
3785591
3723382
5046955
1174168
1972569
6968718
5798090
2418936
3394089
864881
2163958
8314996
2150663
1025029
6627369
2751779
6411335
5641275
5679807
4386086
6940064
1420536
63028
6019774
7384477
5415724
2250537
5997687
2120940
7530026
2823282
5978955
5699687
1289945
6261867
2859293
1272814
8192731
7994707
5214068
5847384
125569
690782
8851390
4107632
3676887
2909189
2888913
7204783
2880075
7320161
4679125
7328907
418476
637101
1324884
1782725
7129325
4406423
3453534
7542108
2358901
334983
4154825
4841863
8887928
5592464
1191069
5306577
8194294
1302447
5010738
5309308
6870497
8433689
8649466
8530502
4134742
2080912
2537944
3243704
5348105
7797096
607305
7952842
3347756
2122519
3950937
680768
780309
3205984
4536675
8516300
8757919
3077641
5561735
8631571
3974376
2322487
6523689
3996337
3978754
2358061
8768181
8933185
5220946
7167495
6993784
6105948
1435513
7379028
4747429
2992634
1154725
1936497
6032414
992834
3939182
8432480
2033370
8743568
5004852
7911789
806889
8780535
2265241
6351582
1024538
8303117
606164
1100188
4101547
1169432
4665701
106055
7906793
7997356
8745125
1315544
2474207
6257927
8442751
7275161
3702957
4398010
6500471
7453771
8458959
2717405
6230752
3002985
6842721
5373356
7902188
4616031
730973
2461234
7438960
8178595
7551910
7553611
6959146
5625560
6047664
3499639
6476150
2826099
902705
7223419
8602160
81285
8728656
6329378
8791591
4576387
5350726
5895772
1825901
942024
7817635
4085313
2820872
8097266
8423228
8139557
4111718
4844618
1774582
6878874
4838284
1373049
3556403
672606
5916731
6364080
7476794
7436972
4914462
6127297
8269455
1434538
3093818
6994721
6266813
6866986
1248290
863876
1965430
7134188
5108142
6758311
2233577
1542459
8101381
6062200
2654601
6909015
4244549
6795341
5231047
3424794
2125539
3241380
7057196
8316918
7714921
6019568
3452421
8196335
7393783
5330993
5638
7442360
4650725
5244208
4941592
3007172
5217462
2327721
8348470
2786524
6471192
7009968
4337919
1818861
4128273
1228006
502303
862620
1823243
8651636
2835526
5920529
1066649
3952930
4751582
6027080
5361798
3480464
196950
7250711
6945012
8525424
6132542
4748504
58478
7466557
3487058
1454449
4672777
7353185
342470
8349741
4750673
7780880
3735702
278434
6741346
1583197
7771085
7742654
6570094
627421
8518574
8730985
771403
4372887
2025490
2608403
305496
8189613
8385541
1950967
3660383
7089233
1606958
1143103
8659873
4399327
2596309
4692720
7253720
4606627
3861704
8944976
3375978
2855535
8700466
4717240
6452072
5928591
1300145
3272688
5997648
4487641
5751808
6492858
409650
4807237
3579449
3033219
2209868
8262872
979798
671040
7986830
6886344
4321271
8930552
3953200
2812098
5167776
8226934
5017271
4545050
4530831
4450677
4179905
8796840
4528772
6814027
582481
5873294
3919603
1353655
7111361
5361850
4925197
3175266
7859389
518552
7049548
2281957
5499648
2621264
6675387
4379589
6190248
6673378
8590370
1186824
956033
5927126
5152351
2559631
4313570
6623004
5011804
8979640
3860348
1824079
2936651
5197041
3936296
3361513
6290622
3077451
2859061
6963675
2043500
8714851
994387
4998872
6712464
3269543
1450749
3990900
2790283
2333264
8991921
5420949
8805270
5365544
295012
6992101
840275
5694595
196736
4432510
6564652
933914
2458399
4747775
2595475
8072035
5225701
3836873
8404624
4178214
1822405
3880362
3116074
693744
6230505
488106
3152186
2073380
6295189
8787977
4610598
4018605
1460051
8274965
5709758
4036134
8692944
6579420
8041021
8126460
1040334
2058464
549285
1956589
760017
745522
1047014
4452188
4141784
1215793
7744191
5969000
4561834
1054322
2535553
7620747
4228854
8818203
1819272
667538
4900823
6817097
3573561
5875830
4221389
1097909
6240751
8084088
3495164
8240248
7236296
4351567
1698307
3865243
6784141
6827798
4388737
1307140
6650773
5426381
2630459
7416717
6580482
251622
1509931
494391
8902696
6698368
782064
249555
8260691
3524690
6410620
8088492
4998337
816545
6247186
2605924
8102730
1296024
3708810
6924281
3606058
2319369
7677368
4036447
933215
413081
1321421
3997809
8913250
8841531
1859105
921863
8485318
3943669
1537234
3630838
154524
6939269
3744460
2666418
7075232
3852858
2728810
8424044
8560357
5053063
3057147
5739238
5481103
5375390
8829009
1352257
6310150
7395263
6603399
8871122
6216836
5108052
4571340
575510
7522780
8084078
150225
7571251
4777336
8952419
4065164
8350182
4919395
2839539
2257584
3847044
2558726
6361619
7699811
8443832
7555764
8003009
2484218
3891789
4311269
2859227
6458326
3898715
2406058
5564610
1010529
4536592
6929787
3920895
733201
1097521
4266593
8030696
3283039
6960801
4809366
3396015
6097013
2650746
580730
1421928
3428798
815257
2907955
8770727
8764504
315023
3756787
6303466
8465694
8873750
6421618
3858467
4034375
5040780
6594046
3410529
4830077
2411914
6433713
3930979
659968
5530831
1040176
2496823
2385437
4126002
3623303
6451080
712018
1344835
3900213
2059459
5493059
7214435
1857525
2270185
1822022
1839386
7495606
4657934
6284166
1385289
866638
6607339
6796881
7360690
7627391
4577879
4488469
786676
8310529
6526387
1467387
3332657
5159463
129725
318505
934723
1661002
1241369
5901202
8545414
6826993
5449059
7250494
8142303
4972647
1329516
7370186
2865170
2832326
1492354
5244234
1779902
650977
2513038
992308
8395152
3679525
292457
7888746
8653748
3382796
2831478
255353
6597010
5917429
1389022
1798612
1812890
8639891
8851226
4326958
2813702
8075288
2740169
7882982
8544395
5530019
8840490
4386518
932729
7365273
3281975
6744987
8157004
826743
2235743
2525179
8069999
6428348
5826126
5705235
1208251
4905989
5266381
3191714
7360456
7145118
641279
3474718
673132
8984049
7997837
5139524
8622117
8538927
6869849
8928229
3720186
8048618
5090935
8114561
5650333
5501026
3606774
2781767
3446301
989001
3451343
997824
8625947
7090518
8833251
8850322
8736137
1886683
7439843
7245559
8745650
452905
7588481
3246852
6725173
1656243
5193197
7529240
2093482
5541924
3772816
5612337
8249998
1462800
7124098
2252516
7173386
7948509
2155754
6156998
7520661
4702776
4014741
5621274
2739435
891801
2056795
8253006
2689484
4994663
8818737
1134214
7980726
2387183
5108510
4549141
3273778
4929112
6292252
2506526
6302742
6787010
297805
2654903
4284961
7617349
3012137
3375724
4142933
7956140
3447363
6809833
459166
5982630
3988282
5250962
4977188
3772043
4761294
7445584
5585421
5611827
5604827
2861319
2064863
3424115
2378421
8203981
1876800
7786021
6993645
7407082
4806981
6318522
5439487
3153762
5946827
5809627
2126117
2044776
7926882
2496026
5959395
1745712
1914558
7232714
861645
8291530
869399
5614573
6819884
1808128
8940938
6592815
8485742
287318
631935
5160256
8201738
8494489
8237887
2982882
3859483
4488504
4095141
488552
351468
6892821
6851217
2590331
6508819
3625687
4786172
540584
6140916
1383538
6813101
7791852
3774677
4335503
535419
715592
7031671
8894799
8894259
8925378
2094196
1794765
5720894
4375418
2023057
2218001
6650341
3145890
8480861
4991114
3239512
2182808
7525939
387721
3046618
4017908
997372
8911460
6682468
6289841
5820026
1479910
980355
4597224
222623
2305310
708254
2886633
3659224
2390186
2718766
5345411
1079560
1595653
8436899
7163262
68412
214389
8856761
369786
3715384
8122168
8758428
1303169
1244360
3850165
6267914
6618071
7246225
52723
73410
1696427
5059041
3096474
8213740
1619249
2654226
8953049
2242283
5084524
7678779
3475782
6675324
6066257
5961083
1158434
4436321
6069932
8111981
6840841
6494793
5249776
5011291
5824264
1388958
8304779
5623649
650689
6746966
2100588
3496725
1070315
463003
984177
4842982
6884106
968019
3532490
3902894
5260710
8457103
1316084
732779
464551
2356405
5658295
1273490
4267431
7579838
5181004
6555363
5979277
7992627
7435628
2528712
3816466
2662449
5808096
8665819
5847791
6880554
8410382
4666414
2940885
6183023
3092169
3005586
660466
1432174
4449941
2437976
1216939
81753
6356074
3479680
7228074
3295913
4358675
7275246
2503626
1346402
868900
2619024
1133006
119867
1477405
140395
1703136
5226701
7697003
5442943
482262
6714442
2554323
5520528
8681204
5606512
7950183
7791650
2298029
5994146
845574
7075530
7851083
8483891
1798376
7816409
6516134
3656662
5644648
7209879
5082811
2493231
4328167
4732818
5713628
7353560
3454026
365126
6821340
2947245
1008725
5691641
4467582
4739366
1458964
6441388
6325106
857159
3839286
1617824
5795226
1956683
2994560
7959927
3239601
1510192
6665830
5294347
5994108
5620922
6690268
8112277
3549920
2199886
1819309
4332905
3522677
4558297
5818190
6898885
6828333
3586816
6571175
8223049
5390853
3301472
5753299
6810326
644039
3214921
7086975
2811473
637337
1144806
8387527
482662
8534124
1100435
5076801
38230
2977592
3927244
2908940
8955595
7234715
5790840
2382470
5059485
3155370
419852
2820449
6130627
3859802
6949814
8528432
3463411
6672748
6893433
4062151
5212060
1002210
7626987
4617956
6454743
4289107
6422174
3010886
7831122
6296912
6649428
6520741
4361508
144832
2858539
7680410
7170360
2270453
5381871
6331650
1816539
6004573
6373964
5093973
4741205
4848690
2142490
1113393
1662394
6756954
2788840
6571235
4426274
5084217
8026686
7735866
163635
2506604
4644137
6048689
838916
4709375
432835
7022582
4993854
4153048
5011815
6530686
8934788
3317681
657091
7964585
1483800
7091468
5158301
6866504
7547522
2680131
1703024
6332981
6054758
2493178
417072
1958088
2294164
5667259
859508
7673209
2149853
3883444
4735309
6900981
2072528
4801839
4666975
7798833
7922107
5172207
3561617
1195995
6303694
2822173
6756061
6070826
7422640
8359461
1156084
6196359
82700
6938226
2062756
5726412
3905427
8500124
1491013
5081006
2611494
4242749
1990573
6466835
2277470
6253108
7680091
4882637
1806039
8962082
7548924
6204374
6925707
282402
3572630
269328
5097277
8536581
8917894
3868481
5173191
1411269
6738109
750928
3546938
3489256
4318824
8620723
6437481
1903164
3887999
3007377
5124372
7793236
3052838
4639151
7487103
5923689
1828519
4973787
1088285
8252812
5214182
5383720
2600320
3974978
1921154
5777467
6849752
7635281
1980210
718904
1928828
8976303
188884
8758190
1337219
2374428
3625609
3183466
8634048
6887742
2405250
3194392
5016040
4378038
6411242
5354796
3743128
6869940
2135117
7160759
5403807
7819490
938756
3423042
1088650
8412989
5510549
4673531
5815425
5707576
873913
6362564
4074617
1040841
5452452
4777268
4682796
8729700
7195302
6656818
3631551
2482075
3232720
908354
8613038
659510
1034463
6517921
8948079
5354337
6807233
3072266
3399173
5236989
8437507
2283367
5940510
8901760
5124018
3732634
6096072
4303130
2300972
7784318
7149006
532185
1800482
4752848
2202679
1041884
8025369
4241114
1175072
5746896
3749160
8978152
5023965
6110961
8876107
987473
4666020
2118641
2527219
4548732
7808605
1313510
5610575
3007143
7508480
8648401
3550402
1793223
819623
1492809
2240220
7239290
7409162
255928
4208551
2497428
5745929
2214081
5804051
6905800
840140
5810344
6789688
8704643
6044388
4539175
902473
208154
4920234
1387020
6502218
6394751
1674395
241916
5002605
2541708
2318071
7547258
8039142
2205912
6469879
2081455
3185680
2013819
5621385
2042592
1735648
198335
335985
1967442
1474144
5160347
6515532
6101073
8587979
6033129
7989593
1250821
3677028
7887958
3834030
1459711
7148768
7783502
649919
5059634
8272680
3548259
7075399
7386095
4388702
5634203
6452138
4652493
1108825
6995435
8766566
8837675
2482733
7497299
8151743
8836990
8091595
6348671
1868932
6606948
8758243
4172718
1079828
5922999
1115867
5017883
1223502
1254354
1119913
2627081
2682613
5598634
2287572
4605984
7338820
2793699
5701778
4383975
255905
5984233
4118365
1736919
3036895
8144537
5059010
3900790
3661330
4060649
4197590
3268484
2254335
395352
3575812
7156776
8737412
2699342
4533661
7352828
1485671
1708308
8496934
1552803
1186206
4061615
1938162
6821980
8516171
8614765
7448504
4997005
6258576
7245099
7250298
7048140
3613624
6121585
5286731
5427735
6486328
6983829
4030276
5732562
3447854
4289361
7506479
32830
8509860
7299674
2504115
3608230
3381538
415783
5047874
6762633
4328490
6592195
6504659
8382584
4228843
7251104
6270302
347265
2568928
4773853
7265440
1541635
8619203
2229670
3164667
1047739
3690947
8769105
6486143
8577361
2117770
5587285
6900336
3391505
3656112
1617228
5953400
3461380
3775513
2665298
4434040
625302
6185345
6425593
6442161
8857730
6100175
7680404
1208809
460066
7494425
6385967
8245108
7058055
478204
4465090
4212967
3624901
8466970
7741000
506925
8554571
368048
6903560
7239265
1016159
1807910
4338196
6437301
7880680
4377934
2062027
416701
1587653
279573
6052181
6553672
5603534
1747248
2203189
8168341
6445979
4711526
4982967
6551539
6925632
7296353
8014133
46757
8968765
8208454
2651237
5785533
2648121
7462683
5045266
5290874
8359115
4860295
8798631
31931
2579061
6022900
80395
8867663
7832390
7850915
8640353
1837817
120893
4223643
7686758
4379176
2109692
3047661
2389664
1339793
4803355
2024074
2857972
6040093
2624781
3106100
4925059
2290482
2579167
4685986
8365399
5921023
6772019
5231716
8623744
4008202
4539393
977926
6994474
2475161
7834167
898690
2924698
6621950
8231074
3835803
7190742
1214098
8835925
4567928
4722299
5382346
5304201
3917492
3987174
5736949
1731371
6205373
4207178
3455059
910457
1959686
6530879
8592830
7994717
4529695
89230
4347258
4578916
3692850
8262502
6045896
2712118
7873035
5621684
8718405
6188525
8415801
929639
4522932
4774000
6279520
3903384
25411
4811919
8532262
3973812
438785
71950
1617083
585601
4839914
5747940
8979175
3008982
7622486
6926443
1948289
2708889
5222926
1218329
3158014
8439408
3837892
6907329
8577719
5131034
4227168
7782560
6515620
3857035
8936080
2612042
5161730
1287241
3174483
4154127
5691246
2588101
7457052
8921168
886458
937722
1087430
3312556
7573261
5471395
1367837
8224247
6025703
6602298
2136891
3426113
5102377
1984236
8934102
1522788
3752823
3657711
2218291
4829982
1540575
8829297
3769498
6353004
5339019
6645539
5576495
5073018
7174747
1215219
4682477
6798890
8596660
2195393
2234685
3308627
6893279
6604561
1854846
7090219
2605908
1006711
1878489
6551548
220277
8350345
2095013
903930
5985515
1161950
8703517
3955556
1033928
2908015
878909
1649592
7835677
1097225
1689663
8181196
8691729
3612444
7920157
7425676
4759580
5484042
2061850
4315477
8079551
1663917
6968526
4471928
4936592
4703841
1129552
6137329
4381051
2714439
3593525
4137242
7447708
8646307
1412318
7359542
2777346
4289671
8616212
402383
3595288
7059157
4892971
5993915
3484959
1778743
7771239
4086912
3759566
244048
7439964
4460282
4151072
2823713
1504823
2293110
4412683
4386455
356521
6373020
575124
5770505
7606172
5539793
4981512
7573171
3055896
6419564
6260107
3972179
6963372
7102663
14916
6734919
5967529
2462120
1138165
5933135
4770597
3755642
8071664
4355585
8354790
8521711
3150347
6900836
4567065
529688
1889625
2712516
3614670
1317783
821105
1712776
8648887
642149
8666202
7021889
2903248
8590991
8704110
4063727
5202244
287006
1868725
199570
8276137
3235131
7218240
3658382
8255483
2516892
1962912
1778114
3590181
5553574
3195503
2925945
8665162
4184894
4260579
3943254
140203
1567258
1259653
4202174
5675528
4721779
8456945
6850037
699901
1861556
32597
7907128
6670899
7063778
3627956
8795673
4142377
1395667
2037836
3328151
5815686
2512391
5314825
3781206
6633356
936002
5015944
6754258
714259
2945895
6825238
7566382
2731697
7446962
2784185
7510844
348288
8397504
2809790
3921783
636273
8971969
8335798
7707548
8845770
1829083
5212825
7627198
5001041
4272881
2410050
7186092
6799349
7677229
902257
1398201
6886643
4193115
839270
7626263
8655618
5801513
439465
5227384
5362030
174712
7511290
651458
495633
7634702
2970298
7607395
2673775
5988249
3144722
110305
85901
4102864
8715209
7509507
6254122
8823820
2842149
1457312
6569050
1698682
5982935
429411
2924773
7921205
3145643
3995754
8699752
874216
3589197
6821262
2535229
5735487
2479220
1667557
3211602
4523992
6507973
3400709
6577333
8702535
795534
3010790
2062777
5007873
4466905
4253248
185549
172851
7418045
8368925
3740102
3661745
5615319
4004173
288495
2200629
8018289
6900237
1624882
1594382
1830925
1769282
6797135
4083147
6896433
3332767
8836931
1684044
5177256
8252173
1373285
3764848
5058426
4764640
3907592
6657337
4849229
3400797
3348720
8143331
1068102
7171306
4165010
8262213
4764727
1428542
7724732
8552545
1431472
4147970
3410970
8981287
6130391
7730001
6178486
6194231
7483329
7443693
1158458
797419
8658883
8995410
8983933
5829548
5352141
5586371
3887706
1244807
3538293
8571481
953144
3219185
2437688
811945
405293
6630346
7465029
5593035
2763294
3090575
2953030
7190488
1347706
8970715
4309591
4624255
7134128
475587
1177096
899793
3939354
3566553
8811718
3588389
1064961
5486426
830433
3470899
619685
6236238
445503
4905379
6696945
2294642
2923603
5309251
6607632
8872469
7132620
5563568
2450431
2134153
6279126
5203035
8738480
4971908
2132776
1669306
2920025
2738418
5438582
2852567
256421
1008136
4735253
8338205
7938246
6721334
929974
8546692
7068969
5623745
5754744
6616199
5406541
8973803
7153643
6378412
7346191
850017
3149289
1679130
3646518
8637926
2058326
2596113
5104542
8625595
133435
6440636
4679356
1958453
2430631
8894301
6160986
1481685
7431672
5170596
6359555
1509183
3112197
5288235
8242091
3705449
3080528
313051
801702
1423670
4625359
1376689
2493176
4327630
8887838
1104569
3657568
4965162
5128239
7103878
8657800
1631913
7717827
8184225
7724761
8612258
7961365
7010322
231642
218264
1228541
3342050
677887
6106495
8452727
5185963
7240878
2031739
4583889
1060687
5395211
6554960
6054132
2522775
7211041
4871419
7271178
4100234
7845374
3002610
5653196
1928008
666667
7340054
3924165
2106591
5665319
3866821
3889433
7876097
3690145
4249745
313197
1945595
4535556
5626092
8286364
8949042
7461488
808988
2265304
972665
4101853
6355555
8708599
5695863
8653644
6867449
2833967
1357067
6357904
3593090
2333047
2482207
7902540
6413210
6606941
8646110
740950
85145
7122409
5480100
1203953
623137
7213314
8190304
731839
877609
8543901
2788379
3272215
3973810
4591349
5400642
7260683
3342733
7680719
8283021
1894159
4242638
4618788
8361582
5748507
5359839
4631998
1751071
1898681
3749452
4481661
5138909
5456857
8228050
5640085
1960894
364702
8292999
5641020
4374179
7826728
5920942
2957462
953758
2097750
4825418
6780904
1259189
2935551
8011715
2016971
6302316
8905401
2221642
4901923
7882926
4196889
7887473
7012479
2968554
4196426
5799901
2291395
607784
239803
8632690
3656252
8226551
5939510
2774999
2810402
373349
6002426
99028
5178743
821138
1012491
2150615
4933237
6028628
8745077
4954298
6735476
2254804
6421653
4263096
6748469
1701483
7270918
7442230
6305641
1223525
129911
1247958
829529
234089
4836388
2096183
6165183
5597609
1677064
207630
2595859
6267408
6712187
4746031
4250634
4292405
5039401
1715400
2508902
4412242
5897923
3314436
7123578
7868618
3622006
1183383
1548843
4416872
8989037
4658131
5214888
8161781
5743075
2005290
567844
5707907
8923635
1368884
131659
8964520
8395191
6977543
7134949
7833702
4762697
4748749
447537
6880025
6052801
4484099
6796848
4882683
6845771
7145759
7353461
7867113
7856549
1698300
6997907
3287682
2654136
7089112
4911359
2327630
8191249
6282243
5951254
8634608
6228790
5064534
1515427
8790267
3096366
6065409
3718018
8537504
6877666
3315383
929963
8984110
2535409
7297379
821830
1351819
674620
6070807
368782
2745205
4657580
5652016
3752581
4399441
1598464
2080660
1999425
3210413
567321
6922748
281501
2493562
6934697
6668192
1370375
6446852
1515434
1238354
861882
439921
2723904
683602
1941209
4594723
3074520
5903940
5322882
5248600
2193793
2828811
5121264
8414127
4614733
7411169
3072885
8309887
3690447
7342226
6846722
5071748
4592864
7133117
5751881
4096346
5084889
2044463
892777
5713161
6443231
3882253
8361004
777298
7860567
7772429
6559086
3895024
5547969
1839304
584341
5973591
211252
186886
3185608
2870871
8705290
7387615
7411788
5113419
3596279
3348975
681869
7368763
126681
3333162
7544840
3916242
2555652
652232
2395490
3751374
6808682
4746370
3275176
1829954
8783831
4210210
2938852
4592396
5777588
4981337
3746604
5743171
2160409
1049386
3613896
3663411
1488833
2350643
1694627
2391764
3488130
996777
4926193
5584519
6386081
8409138
703909
2511803
3316203
1089402
3743801
4144530
1857214
4446657
2431645
8670776
762869
7531634
3053519
6104024
8843467
7918705
8514980
5742199
6437040
1556919
937326
5740324
73125
7411839
1819335
1512769
5817345
7823658
4578924
2375067
1926191
734628
4241594
6240116
8102450
6146059
4596010
5931180
6636556
215129
4694800
7979324
4316045
3298855
4637893
2447520
184783
2740704
6540707
8157288
2786555
8754913
5495693
1949950
7653451
6883591
6621210
30566
7854942
7529085
1025995
2047004
4632613
5423707
138139
2718770
4095381
5991891
4790446
5482283
2434409
1263725
5134872
7294818
4729789
1242466
2322478
5867326
2076007
2073358
4790312
3885445
3710764
4884107
6877424
4163788
6449371
734506
8121403
4951368
8031602
6276383
3868456
5079732
2785314
4730863
7388777
5139238
7334025
2403148
2383480
6184744
6248047
6866592
5558750
3236774
2510976
5651173
7556999
8364629
6812181
2819333
2465199
5799186
815365
8832634
5463862
5310296
7709635
2676699
7111603
3127627
5023034
6726020
8228179
2291962
8113269
6417181
5923930
7075488
2650610
3737858
6144986
2790117
6008630
3136214
4137966
476752
3432743
7488305
574612
6326430
5240536
5109678
8514587
389696
4873828
1195999
499886
6079888
6152416
5081140
7060122
1073175
6313195
4932512
2991442
106207
1653633
6757485
7567247
3155179
398194
96813
1927315
5985900
3549755
2603013
996180
4088187
968198
4591118
7125627
7558218
1564746
911931
2735062
803135
7356764
4066964
1572235
4210224
8654274
5889236
4786981
452129
5773732
3879438
399373
1276941
8296284
4932333
6170130
6083550
6063678
6331233
5121522
3519321
1776318
8075847
1027271
4922470
5475649
208768
3357094
4535576
8204425
563129
7095408
3459237
8887490
1407511
594491
7613600
2186835
4452615
7300239
4219982
2240573
7035280
4536322
697073
5240778
8823345
677024
5656445
4639580
7391412
5654153
1712279
3298768
8901321
7440582
3564761
1122450
3190818
8815059
2261206
5508320
222150
5178116
644315
2630319
7316958
3913757
8006182
809269
2995340
3650381
6264507
2602510
3903607
3260497
8322704
8436157
1946167
3195696
774881
778856
7778482
3051854
8769094
1730292
4159857
7689036
1167616
6701350
432037
1329375
1483769
6848214
4385056
8821541
293842
6217397
5270214
3143821
1022910
4580989
1865526
5317567
6345143
1629699
873852
216936
7311455
1191651
2688897
6761474
2849755
269147
5405960
8558613
8339238
1722991
6780533
4457121
7596262
8805292
4702530
4707616
819826
10591
5002259
1241996
6879544
4936159
7019088
2449431
306108
4192999
4715840
6697992
3859615
3330032
2413632
2811059
